4
597
644
1 1 4
1 3 1
1 5 1
1 6 1
1 7 1
1 8 1
1 9 3
1 10 8
1 12 16
1 13 1
1 14 4
1 15 2
1 16 3
1 17 1
1 18 1
1 19 1
1 20 1
1 21 1
1 22 5
1 24 1
1 25 1
1 28 5
1 31 1
1 32 2
1 33 1
1 35 1
1 36 1
1 37 1
1 38 2
1 39 3
1 40 1
1 41 2
1 42 2
1 43 1
1 44 1
1 45 2
1 46 1
1 47 1
1 48 10
1 49 1
1 50 1
1 51 1
1 52 1
1 53 2
1 54 1
1 55 2
1 56 6
1 57 1
1 58 2
1 59 1
1 61 3
1 62 3
1 63 1
1 64 1
1 65 1
1 66 1
1 70 1
1 71 1
1 72 4
1 73 1
1 74 1
1 76 1
1 77 3
1 78 15
1 79 1
1 81 1
1 82 2
1 83 3
1 84 1
1 85 4
1 86 1
1 87 1
1 88 1
1 89 1
1 90 1
1 91 1
1 93 1
1 94 1
1 95 6
1 96 5
1 97 1
1 98 2
1 99 1
1 100 4
1 102 1
1 103 1
1 104 4
1 105 3
1 106 1
1 107 1
1 109 2
1 110 3
1 111 3
1 112 1
1 113 3
1 114 1
1 115 1
1 116 2
1 117 1
1 118 1
1 119 1
1 120 2
1 121 2
1 122 3
1 123 1
1 124 2
1 125 1
1 126 2
1 127 3
1 128 3
1 129 2
1 130 2
1 131 1
1 133 1
1 134 1
1 135 1
1 137 6
1 138 2
1 141 1
1 142 3
1 143 1
1 144 2
1 145 2
1 147 1
1 148 1
1 150 1
1 151 2
1 153 2
1 155 1
1 156 4
1 157 1
1 159 2
1 160 9
1 161 1
1 162 1
1 163 2
1 164 1
1 165 2
1 166 1
1 167 3
1 168 2
1 169 1
1 171 2
1 172 1
1 173 1
1 174 2
1 175 7
1 176 2
1 177 1
1 178 1
1 179 2
1 180 1
1 181 1
1 183 2
1 185 1
1 186 1
1 187 1
1 188 1
1 189 1
1 190 2
1 191 1
1 192 2
1 197 1
1 198 2
1 201 1
1 202 1
1 205 4
1 206 3
1 207 1
1 208 1
1 211 1
1 212 2
1 213 1
1 216 7
1 217 2
1 218 1
1 220 1
1 222 1
1 223 1
1 224 1
1 225 1
1 226 2
1 227 1
1 228 3
1 229 4
1 230 1
1 231 1
1 232 3
1 234 1
1 235 1
1 236 6
1 238 2
1 239 1
1 240 4
1 241 1
1 242 1
1 243 1
1 245 3
1 246 1
1 247 1
1 248 1
1 249 1
1 250 1
1 251 1
1 257 1
1 258 2
1 259 1
1 260 1
1 261 1
1 262 6
1 264 2
1 265 1
1 266 4
1 267 1
1 268 1
1 269 7
1 270 1
1 272 1
1 273 1
1 274 1
1 275 4
1 276 2
1 277 1
1 278 1
1 279 1
1 280 1
1 281 1
1 282 1
1 285 1
1 286 1
1 287 1
1 288 1
1 290 1
1 291 4
1 292 4
1 293 3
1 294 2
1 295 1
1 296 10
1 297 1
1 299 1
1 300 4
1 301 1
1 302 1
1 303 1
1 304 1
1 305 1
1 306 1
1 307 6
1 308 1
1 309 1
1 313 1
1 315 1
1 316 1
1 317 5
1 318 3
1 319 1
1 320 11
1 321 4
1 322 1
1 323 1
1 324 1
1 325 2
1 327 1
1 328 1
1 330 1
1 332 1
1 333 1
1 335 1
1 336 1
1 337 1
1 338 1
1 339 1
1 340 3
1 341 1
1 343 2
1 344 1
1 345 3
1 346 2
1 348 3
1 349 2
1 350 1
1 351 1
1 353 3
1 354 1
1 356 1
1 357 1
1 358 1
1 359 2
1 360 1
1 361 1
1 362 1
1 363 6
1 364 1
1 366 1
1 367 1
1 368 1
1 369 2
1 370 1
1 371 2
1 372 3
1 374 3
1 375 1
1 377 1
1 378 1
1 379 1
1 380 1
1 381 3
1 382 1
1 383 1
1 384 2
1 385 2
1 388 1
1 389 1
1 390 1
1 391 1
1 393 2
1 395 1
1 398 2
1 399 1
1 400 1
1 401 1
1 402 11
1 403 1
1 405 2
1 406 2
1 409 5
1 412 1
1 413 1
1 414 5
1 415 1
1 416 1
1 417 2
1 418 15
1 419 3
1 420 2
1 421 1
1 422 2
1 423 6
1 424 14
1 428 1
1 429 3
1 430 1
1 431 1
1 433 1
1 434 2
1 435 2
1 437 1
1 438 7
1 439 1
1 440 1
1 441 1
1 443 1
1 444 1
1 445 2
1 446 2
1 448 5
1 449 1
1 451 1
1 452 2
1 453 1
1 454 1
1 458 2
1 459 3
1 460 5
1 461 2
1 462 1
1 464 11
1 465 2
1 466 1
1 468 2
1 469 1
1 471 1
1 472 7
1 473 1
1 474 2
1 475 1
1 477 1
1 478 6
1 479 1
1 480 2
1 481 3
1 483 1
1 484 3
1 485 1
1 486 4
1 487 1
1 488 1
1 489 2
1 490 1
1 491 1
1 492 3
1 493 1
1 494 2
1 495 3
1 497 1
1 498 1
1 499 1
1 500 1
1 502 1
1 504 2
1 505 1
1 506 1
1 507 1
1 508 1
1 509 1
1 510 1
1 511 3
1 512 5
1 513 1
1 514 1
1 515 1
1 516 7
1 517 1
1 518 1
1 519 1
1 520 2
1 521 1
1 523 1
1 525 1
1 527 2
1 528 2
1 530 1
1 532 3
1 535 1
1 536 2
1 538 1
1 539 2
1 540 1
1 541 1
1 542 1
1 543 4
1 544 2
1 545 4
1 546 1
1 547 1
1 548 1
1 549 1
1 550 1
1 551 1
1 552 1
1 553 1
1 554 1
1 555 1
1 556 2
1 557 1
1 559 1
1 560 14
1 561 16
1 565 1
1 566 1
1 568 1
1 571 11
1 573 4
1 574 1
1 575 1
1 576 1
1 577 1
1 578 1
1 579 1
1 580 1
1 581 1
1 582 2
1 583 5
1 584 1
1 586 2
1 588 1
1 589 1
1 590 1
1 592 1
1 594 4
1 595 1
1 596 3
1 597 1
2 4 1
2 23 1
2 27 1
2 34 1
2 68 2
2 75 1
2 108 1
2 117 1
2 132 1
2 136 1
2 149 1
2 152 1
2 158 1
2 160 1
2 182 1
2 196 1
2 246 1
2 254 1
2 271 1
2 310 1
2 312 1
2 317 1
2 347 1
2 365 1
2 396 1
2 432 1
2 436 1
2 449 1
2 455 1
2 456 2
2 457 1
2 463 1
2 464 1
2 476 1
2 478 1
2 505 1
2 526 1
2 585 1
2 587 1
3 2 1
3 17 2
3 69 1
3 78 1
3 105 3
3 124 1
3 137 1
3 139 1
3 146 1
3 152 1
3 158 1
3 170 1
3 182 1
3 184 2
3 199 1
3 204 1
3 214 1
3 215 1
3 221 1
3 237 1
3 240 1
3 263 1
3 271 1
3 283 1
3 284 1
3 286 1
3 289 1
3 295 1
3 298 1
3 314 2
3 329 1
3 331 2
3 343 1
3 358 1
3 376 1
3 386 1
3 387 1
3 392 1
3 397 1
3 404 1
3 407 1
3 408 1
3 410 1
3 411 1
3 418 1
3 424 1
3 425 1
3 426 1
3 427 1
3 428 1
3 445 1
3 450 1
3 452 3
3 496 1
3 501 1
3 526 2
3 529 1
3 531 1
3 558 1
3 562 1
3 572 1
3 591 1
3 593 1
4 10 2
4 11 1
4 26 3
4 29 1
4 30 1
4 33 1
4 60 1
4 67 1
4 78 1
4 80 1
4 90 1
4 92 1
4 101 1
4 114 1
4 140 1
4 154 1
4 168 1
4 193 1
4 194 1
4 195 1
4 200 1
4 202 1
4 203 1
4 209 1
4 210 1
4 219 1
4 233 1
4 236 1
4 244 1
4 252 2
4 253 1
4 254 1
4 255 1
4 256 1
4 311 1
4 322 1
4 326 2
4 334 2
4 342 4
4 347 1
4 352 1
4 355 2
4 373 1
4 394 1
4 395 1
4 397 1
4 418 1
4 423 2
4 428 1
4 430 2
4 442 1
4 447 1
4 463 1
4 467 1
4 470 1
4 482 1
4 503 1
4 522 1
4 524 1
4 533 1
4 534 1
4 537 1
4 563 1
4 564 1
4 567 2
4 569 1
4 570 2
4 585 4
