20
4995
8953
1 16 4
1 60 1
1 108 1
1 123 1
1 188 1
1 227 1
1 228 3
1 229 8
1 259 16
1 260 1
1 264 4
1 265 2
1 267 3
1 273 1
1 292 1
1 301 1
1 321 1
1 323 1
1 325 5
1 351 1
1 360 1
1 366 5
1 379 1
1 380 2
1 390 1
1 400 1
1 404 1
1 405 1
1 447 2
1 448 3
1 449 1
1 459 2
1 471 2
1 473 1
1 480 1
1 485 2
1 497 1
1 506 1
1 508 10
1 509 1
1 534 1
1 544 1
1 557 1
1 565 2
1 567 1
1 568 2
1 572 6
1 573 1
1 574 2
1 575 1
1 591 3
1 593 3
1 598 1
1 626 1
1 653 1
1 666 1
1 725 1
1 739 1
1 747 4
1 753 1
1 757 1
1 776 1
1 783 3
1 789 15
1 791 1
1 812 1
1 817 2
1 820 3
1 837 1
1 875 4
1 877 1
1 885 1
1 888 1
1 889 1
1 896 1
1 897 1
1 907 1
1 909 1
1 913 6
1 936 5
1 948 1
1 952 2
1 955 1
1 1006 1
1 1050 1
1 1051 4
1 1056 3
1 1060 1
1 1071 1
1 1095 2
1 1096 3
1 1099 3
1 1102 1
1 1108 3
1 1109 1
1 1113 1
1 1114 2
1 1125 1
1 1129 1
1 1132 1
1 1138 2
1 1150 2
1 1161 2
1 1199 1
1 1206 2
1 1208 3
1 1211 3
1 1212 2
1 1213 2
1 1230 1
1 1234 1
1 1242 1
1 1243 1
1 1264 6
1 1265 2
1 1286 1
1 1291 3
1 1292 1
1 1293 2
1 1298 2
1 1306 1
1 1307 1
1 1317 1
1 1323 2
1 1329 2
1 1342 1
1 1346 4
1 1351 1
1 1362 2
1 1363 9
1 1365 1
1 1366 1
1 1370 2
1 1384 1
1 1385 2
1 1386 1
1 1405 3
1 1406 2
1 1407 1
1 1429 2
1 1443 1
1 1473 1
1 1481 2
1 1493 7
1 1497 2
1 1506 1
1 1507 1
1 1508 2
1 1514 1
1 1518 1
1 1539 2
1 1556 1
1 1564 1
1 1565 1
1 1566 1
1 1583 1
1 1608 2
1 1609 1
1 1634 2
1 1709 1
1 1769 1
1 1812 1
1 1826 4
1 1827 3
1 1828 1
1 1839 1
1 1842 1
1 1847 2
1 1849 1
1 1859 7
1 1873 2
1 1884 1
1 1912 1
1 1922 1
1 1923 1
1 1932 1
1 1936 1
1 1937 2
1 1938 1
1 1956 3
1 1959 4
1 1976 1
1 1985 1
1 1986 3
1 2007 1
1 2014 1
1 2018 6
1 2037 2
1 2043 1
1 2044 4
1 2054 1
1 2076 1
1 2084 1
1 2088 3
1 2097 1
1 2101 1
1 2103 1
1 2107 1
1 2115 1
1 2146 1
1 2160 1
1 2168 2
1 2172 1
1 2188 1
1 2197 1
1 2218 6
1 2252 2
1 2262 1
1 2266 4
1 2276 1
1 2283 1
1 2286 7
1 2293 1
1 2335 1
1 2337 1
1 2338 1
1 2341 4
1 2342 2
1 2343 1
1 2344 1
1 2358 1
1 2360 1
1 2372 1
1 2373 1
1 2389 1
1 2396 1
1 2397 1
1 2415 1
1 2433 1
1 2451 4
1 2457 4
1 2483 2
1 2485 1
1 2486 10
1 2494 1
1 2513 1
1 2530 4
1 2534 1
1 2535 1
1 2545 1
1 2547 1
1 2551 1
1 2566 1
1 2599 6
1 2603 1
1 2607 1
1 2634 1
1 2653 1
1 2654 1
1 2686 3
1 2689 1
1 2703 11
1 2704 4
1 2705 1
1 2727 1
1 2763 1
1 2776 2
1 2785 1
1 2804 1
1 2820 1
1 2867 1
1 2880 1
1 2893 1
1 2896 1
1 2898 1
1 2912 1
1 2915 1
1 2916 3
1 2922 1
1 2937 2
1 2939 1
1 2949 3
1 2950 2
1 2959 3
1 2961 2
1 2966 1
1 2981 1
1 2993 3
1 2997 1
1 3004 1
1 3006 1
1 3009 1
1 3015 2
1 3016 1
1 3026 1
1 3027 1
1 3029 6
1 3030 1
1 3034 1
1 3037 1
1 3038 1
1 3039 2
1 3049 1
1 3050 2
1 3056 3
1 3076 3
1 3078 1
1 3099 1
1 3117 1
1 3120 1
1 3123 1
1 3138 1
1 3144 1
1 3157 2
1 3162 2
1 3189 1
1 3201 1
1 3206 1
1 3215 1
1 3241 2
1 3285 1
1 3292 2
1 3306 1
1 3322 1
1 3323 1
1 3333 11
1 3335 1
1 3374 2
1 3382 2
1 3388 5
1 3406 1
1 3412 1
1 3416 5
1 3417 1
1 3421 1
1 3432 2
1 3443 15
1 3444 3
1 3445 2
1 3446 1
1 3487 2
1 3499 6
1 3500 14
1 3546 1
1 3548 3
1 3561 1
1 3562 1
1 3572 1
1 3591 2
1 3593 2
1 3625 1
1 3651 7
1 3657 1
1 3659 1
1 3660 1
1 3663 1
1 3689 1
1 3695 2
1 3705 2
1 3715 5
1 3719 1
1 3721 1
1 3722 2
1 3723 1
1 3738 1
1 3820 2
1 3851 5
1 3864 2
1 3885 1
1 3912 11
1 3914 2
1 3916 1
1 3922 2
1 3931 1
1 3936 1
1 3940 7
1 3955 1
1 3959 2
1 3967 1
1 3974 1
1 3975 6
1 3976 1
1 3978 2
1 3979 3
1 3999 1
1 4003 3
1 4004 1
1 4005 4
1 4010 1
1 4014 1
1 4018 2
1 4046 1
1 4047 1
1 4053 3
1 4054 1
1 4055 2
1 4057 3
1 4079 1
1 4080 1
1 4092 1
1 4095 1
1 4126 1
1 4132 2
1 4134 1
1 4153 1
1 4155 1
1 4158 1
1 4166 1
1 4176 1
1 4192 3
1 4193 5
1 4194 1
1 4201 1
1 4219 1
1 4230 7
1 4232 1
1 4283 1
1 4305 1
1 4309 2
1 4335 1
1 4364 1
1 4377 2
1 4408 2
1 4422 1
1 4429 3
1 4452 1
1 4467 2
1 4488 1
1 4489 2
1 4492 1
1 4495 1
1 4503 1
1 4509 4
1 4511 2
1 4512 4
1 4516 1
1 4524 1
1 4531 1
1 4540 1
1 4564 1
1 4565 1
1 4571 1
1 4588 1
1 4592 1
1 4605 1
1 4610 2
1 4611 1
1 4649 1
1 4677 14
1 4678 16
1 4699 1
1 4712 1
1 4722 1
1 4743 11
1 4776 4
1 4784 1
1 4788 1
1 4803 1
1 4806 1
1 4815 1
1 4828 1
1 4829 1
1 4830 2
1 4831 5
1 4835 1
1 4853 2
1 4901 1
1 4926 1
1 4939 1
1 4967 1
1 4984 4
1 4985 1
1 4986 3
1 4995 1
2 82 1
2 344 1
2 365 1
2 395 1
2 708 2
2 759 1
2 1087 1
2 1125 1
2 1233 1
2 1253 1
2 1311 1
2 1325 1
2 1357 1
2 1363 1
2 1523 1
2 1704 1
2 2097 1
2 2150 1
2 2325 1
2 2611 1
2 2631 1
2 3033 1
2 3287 1
2 3570 1
2 3610 1
2 3719 1
2 3754 1
2 3765 2
2 3780 1
2 3887 1
2 3912 1
2 3973 1
2 3975 1
2 4134 1
2 4372 1
2 4838 1
2 4898 1
3 22 1
3 273 2
3 720 1
3 789 1
3 1056 3
3 1161 1
3 1264 1
3 1270 1
3 1304 1
3 1325 1
3 1357 1
3 1420 1
3 1523 1
3 1541 2
3 1737 1
3 1815 1
3 1852 1
3 1856 1
3 1916 1
3 2022 1
3 2044 1
3 2240 1
3 2325 1
3 2378 1
3 2385 1
3 2396 1
3 2425 1
3 2485 1
3 2511 1
3 2650 2
3 2810 1
3 2863 2
3 2937 1
3 3009 1
3 3085 1
3 3178 1
3 3181 1
3 3221 1
3 3291 1
3 3370 1
3 3385 1
3 3386 1
3 3394 1
3 3395 1
3 3443 1
3 3500 1
3 3513 1
3 3525 1
3 3536 1
3 3546 1
3 3695 1
3 3720 1
3 3722 3
3 4063 1
3 4114 1
3 4372 2
3 4415 1
3 4425 1
3 4639 1
3 4686 1
3 4759 1
3 4960 1
3 4972 1
4 229 2
4 247 1
4 361 3
4 368 1
4 372 1
4 390 1
4 578 1
4 693 1
4 789 1
4 811 1
4 896 1
4 906 1
4 990 1
4 1109 1
4 1275 1
4 1330 1
4 1406 1
4 1643 1
4 1682 1
4 1695 1
4 1742 1
4 1812 1
4 1814 1
4 1840 1
4 1841 1
4 1910 1
4 1987 1
4 2018 1
4 2087 1
4 2148 2
4 2149 1
4 2150 1
4 2153 1
4 2154 1
4 2627 1
4 2705 1
4 2778 2
4 2884 2
4 2934 4
4 2984 1
4 2998 2
4 3064 1
4 3277 1
4 3285 1
4 3291 1
4 3443 1
4 3499 2
4 3546 1
4 3561 2
4 3662 1
4 3712 1
4 3887 1
4 3921 1
4 3986 1
4 4131 1
4 4329 1
4 4348 1
4 4433 1
4 4435 1
4 4477 1
4 4691 1
4 4692 1
4 4716 2
4 4727 1
4 4728 2
4 4838 4
5 9 1
5 10 1
5 11 1
5 18 1
5 60 1
5 65 1
5 103 1
5 124 1
5 185 5
5 199 1
5 229 1
5 266 1
5 273 3
5 290 1
5 325 1
5 328 1
5 360 1
5 411 5
5 448 2
5 449 1
5 452 1
5 475 1
5 501 1
5 546 2
5 674 1
5 739 2
5 789 6
5 809 1
5 813 1
5 888 1
5 904 1
5 930 1
5 942 1
5 979 2
5 1032 2
5 1037 1
5 1056 4
5 1162 1
5 1210 1
5 1226 1
5 1248 1
5 1264 1
5 1283 1
5 1292 1
5 1293 1
5 1335 1
5 1364 1
5 1370 1
5 1385 1
5 1388 1
5 1410 1
5 1416 1
5 1441 2
5 1452 1
5 1480 1
5 1517 1
5 1540 1
5 1552 1
5 1590 1
5 1631 1
5 1702 1
5 1815 1
5 1838 1
5 1842 1
5 1858 1
5 1859 1
5 1860 2
5 1916 1
5 1918 2
5 1937 1
5 1956 1
5 2014 2
5 2025 1
5 2050 2
5 2062 1
5 2078 1
5 2086 1
5 2088 1
5 2093 1
5 2098 1
5 2126 1
5 2176 1
5 2177 3
5 2186 1
5 2196 1
5 2218 1
5 2238 1
5 2267 1
5 2276 2
5 2292 1
5 2340 1
5 2385 1
5 2445 1
5 2503 2
5 2505 1
5 2507 2
5 2519 1
5 2559 1
5 2589 1
5 2615 1
5 2620 1
5 2630 1
5 2636 1
5 2651 1
5 2678 1
5 2681 4
5 2685 1
5 2689 1
5 2725 1
5 2772 1
5 2812 1
5 2861 1
5 2878 1
5 2882 1
5 2949 1
5 2958 1
5 2996 1
5 3009 1
5 3032 2
5 3093 1
5 3103 1
5 3146 1
5 3183 1
5 3194 1
5 3204 1
5 3301 1
5 3370 1
5 3374 6
5 3442 1
5 3443 5
5 3469 1
5 3480 1
5 3499 1
5 3500 1
5 3502 1
5 3525 1
5 3546 1
5 3571 1
5 3572 3
5 3616 1
5 3623 1
5 3649 1
5 3659 1
5 3695 2
5 3722 4
5 3723 1
5 3728 1
5 3729 1
5 3755 1
5 3809 1
5 3843 1
5 3875 1
5 3912 2
5 3936 2
5 3953 3
5 3965 1
5 3993 1
5 4035 1
5 4040 1
5 4094 1
5 4149 1
5 4156 1
5 4171 1
5 4188 1
5 4191 1
5 4214 1
5 4235 1
5 4279 1
5 4365 1
5 4370 1
5 4424 1
5 4452 1
5 4558 1
5 4608 1
5 4612 1
5 4666 1
5 4668 1
5 4669 1
5 4682 4
5 4799 1
5 4801 2
5 4839 1
5 4855 1
5 4864 1
5 4933 1
5 4939 1
5 4967 2
5 4970 2
5 4972 1
5 4984 2
6 5 1
6 8 1
6 58 1
6 79 1
6 82 17
6 111 1
6 124 1
6 128 1
6 174 1
6 210 1
6 229 1
6 369 1
6 374 1
6 375 1
6 379 1
6 414 1
6 436 1
6 460 2
6 463 1
6 482 1
6 507 1
6 508 10
6 519 1
6 557 1
6 578 1
6 608 1
6 611 1
6 623 1
6 702 3
6 717 2
6 786 1
6 795 2
6 815 2
6 820 1
6 828 1
6 865 1
6 881 1
6 885 2
6 913 2
6 923 7
6 979 2
6 987 1
6 1027 1
6 1049 1
6 1054 1
6 1106 1
6 1136 1
6 1138 2
6 1178 1
6 1194 4
6 1208 3
6 1211 2
6 1218 1
6 1223 1
6 1230 1
6 1233 3
6 1251 1
6 1252 1
6 1262 2
6 1264 2
6 1275 1
6 1292 4
6 1309 1
6 1333 1
6 1346 1
6 1353 1
6 1382 2
6 1398 1
6 1426 2
6 1432 4
6 1433 1
6 1457 2
6 1500 1
6 1523 2
6 1524 1
6 1576 1
6 1600 2
6 1601 2
6 1627 1
6 1685 2
6 1737 1
6 1739 1
6 1743 1
6 1750 6
6 1790 4
6 1853 1
6 1854 1
6 1855 1
6 1859 3
6 1875 1
6 1883 1
6 1884 5
6 1887 1
6 1893 2
6 1899 1
6 1900 4
6 1911 1
6 1932 1
6 1956 1
6 1958 1
6 1984 2
6 1986 5
6 2009 1
6 2010 1
6 2018 1
6 2028 1
6 2037 1
6 2047 1
6 2049 1
6 2088 1
6 2101 1
6 2184 1
6 2185 1
6 2209 1
6 2256 1
6 2279 1
6 2317 2
6 2336 3
6 2375 3
6 2403 5
6 2431 1
6 2436 1
6 2444 1
6 2457 2
6 2458 1
6 2486 1
6 2504 2
6 2506 1
6 2515 11
6 2516 2
6 2705 1
6 2709 3
6 2736 1
6 2762 1
6 2784 1
6 2787 1
6 2789 7
6 2813 1
6 2834 1
6 2847 1
6 2851 1
6 2868 1
6 2901 1
6 2947 1
6 2949 2
6 2961 1
6 2994 1
6 2998 2
6 3006 5
6 3007 1
6 3009 4
6 3010 1
6 3015 2
6 3027 1
6 3029 1
6 3110 1
6 3141 1
6 3142 3
6 3143 1
6 3147 1
6 3182 2
6 3206 1
6 3256 1
6 3274 1
6 3289 1
6 3292 2
6 3302 1
6 3319 1
6 3323 3
6 3334 1
6 3340 1
6 3344 1
6 3351 5
6 3392 1
6 3417 1
6 3420 1
6 3428 1
6 3436 1
6 3502 1
6 3510 1
6 3534 1
6 3548 1
6 3637 2
6 3646 1
6 3647 3
6 3648 4
6 3650 2
6 3665 2
6 3689 2
6 3758 2
6 3761 2
6 3777 1
6 3803 1
6 3813 1
6 3822 1
6 3829 1
6 3843 3
6 3851 1
6 3864 2
6 3872 1
6 3893 19
6 3904 2
6 3912 1
6 3916 1
6 3920 1
6 3923 1
6 3939 1
6 3952 1
6 3955 2
6 3956 2
6 3982 1
6 3988 1
6 3992 1
6 4040 1
6 4051 1
6 4053 1
6 4077 1
6 4092 1
6 4122 4
6 4146 31
6 4147 1
6 4150 1
6 4177 1
6 4185 1
6 4211 1
6 4290 1
6 4296 1
6 4309 1
6 4382 2
6 4406 2
6 4408 1
6 4410 2
6 4425 1
6 4467 1
6 4480 1
6 4482 1
6 4512 1
6 4540 2
6 4565 1
6 4632 2
6 4642 1
6 4668 1
6 4673 1
6 4695 1
6 4732 1
6 4776 1
6 4778 1
6 4816 1
6 4820 2
6 4827 1
6 4829 18
6 4847 1
6 4900 1
6 4909 1
6 4970 7
6 4984 1
6 4989 1
7 2 1
7 16 1
7 48 16
7 51 1
7 60 1
7 61 1
7 68 1
7 73 19
7 74 1
7 75 4
7 76 1
7 78 2
7 83 2
7 96 2
7 126 2
7 135 1
7 193 1
7 229 5
7 231 2
7 239 1
7 258 1
7 263 1
7 273 6
7 282 1
7 305 2
7 319 1
7 325 1
7 327 1
7 333 1
7 339 1
7 358 1
7 371 1
7 374 2
7 382 2
7 391 1
7 424 1
7 449 2
7 452 2
7 484 1
7 507 2
7 508 2
7 512 2
7 530 1
7 532 1
7 545 1
7 546 4
7 547 16
7 548 1
7 550 1
7 552 26
7 594 2
7 621 1
7 677 1
7 683 2
7 692 1
7 693 1
7 745 3
7 746 2
7 756 2
7 768 2
7 773 1
7 788 3
7 789 10
7 794 1
7 812 1
7 834 9
7 843 6
7 862 1
7 872 1
7 876 1
7 896 1
7 910 1
7 915 1
7 936 2
7 1012 1
7 1027 1
7 1051 1
7 1054 1
7 1056 27
7 1069 5
7 1076 1
7 1081 1
7 1098 2
7 1099 3
7 1109 1
7 1125 1
7 1127 1
7 1145 1
7 1156 2
7 1175 1
7 1209 7
7 1228 1
7 1234 4
7 1245 1
7 1269 1
7 1273 1
7 1279 5
7 1280 1
7 1291 2
7 1292 4
7 1299 1
7 1317 1
7 1320 1
7 1329 2
7 1331 1
7 1340 2
7 1346 2
7 1352 1
7 1363 5
7 1364 2
7 1368 1
7 1371 1
7 1381 1
7 1387 1
7 1393 1
7 1394 1
7 1405 7
7 1439 1
7 1441 4
7 1467 7
7 1470 5
7 1471 1
7 1474 3
7 1475 3
7 1487 1
7 1493 1
7 1556 1
7 1576 1
7 1607 1
7 1612 2
7 1634 1
7 1647 1
7 1658 1
7 1683 2
7 1684 3
7 1696 1
7 1700 3
7 1710 1
7 1737 1
7 1764 1
7 1765 1
7 1767 1
7 1768 2
7 1771 2
7 1774 1
7 1809 4
7 1811 2
7 1815 2
7 1825 1
7 1842 2
7 1844 1
7 1856 16
7 1859 3
7 1860 2
7 1861 1
7 1862 3
7 1882 1
7 1895 1
7 1902 2
7 1910 1
7 1917 1
7 1918 6
7 1919 3
7 1932 2
7 1944 1
7 1956 9
7 1988 1
7 1995 1
7 1999 1
7 2008 2
7 2013 1
7 2018 3
7 2028 2
7 2047 1
7 2050 1
7 2054 13
7 2062 1
7 2077 1
7 2087 1
7 2090 3
7 2093 1
7 2101 4
7 2103 2
7 2119 1
7 2158 1
7 2160 5
7 2168 3
7 2190 1
7 2191 1
7 2201 1
7 2218 1
7 2230 1
7 2235 1
7 2249 1
7 2254 1
7 2258 1
7 2266 2
7 2267 9
7 2272 4
7 2276 3
7 2281 2
7 2282 1
7 2283 3
7 2289 1
7 2324 1
7 2334 8
7 2336 1
7 2352 1
7 2355 2
7 2357 4
7 2383 4
7 2385 5
7 2397 1
7 2403 18
7 2408 2
7 2415 2
7 2416 1
7 2438 1
7 2439 1
7 2449 1
7 2451 2
7 2463 1
7 2464 1
7 2486 1
7 2492 3
7 2494 1
7 2495 1
7 2501 2
7 2502 1
7 2503 1
7 2507 2
7 2528 1
7 2554 1
7 2557 1
7 2559 1
7 2563 3
7 2574 1
7 2586 1
7 2592 3
7 2593 1
7 2604 1
7 2606 1
7 2619 2
7 2622 2
7 2623 1
7 2625 1
7 2630 2
7 2634 1
7 2648 1
7 2678 1
7 2681 5
7 2688 1
7 2689 2
7 2709 4
7 2819 3
7 2841 1
7 2850 1
7 2867 1
7 2876 1
7 2890 1
7 2896 1
7 2899 2
7 2900 1
7 2908 2
7 2923 1
7 2949 7
7 2956 1
7 2957 3
7 2959 2
7 2961 1
7 2980 1
7 2981 1
7 2983 3
7 3000 11
7 3008 1
7 3010 1
7 3025 1
7 3026 1
7 3029 1
7 3033 3
7 3034 1
7 3036 1
7 3037 4
7 3044 1
7 3046 1
7 3054 3
7 3057 1
7 3059 1
7 3076 2
7 3078 1
7 3079 1
7 3090 1
7 3093 1
7 3102 4
7 3104 1
7 3132 4
7 3140 2
7 3141 1
7 3142 1
7 3143 1
7 3144 1
7 3146 4
7 3160 3
7 3198 1
7 3208 1
7 3235 3
7 3269 7
7 3270 3
7 3285 1
7 3287 2
7 3289 1
7 3291 7
7 3292 1
7 3299 1
7 3309 2
7 3315 1
7 3323 1
7 3333 2
7 3338 1
7 3396 1
7 3397 1
7 3405 1
7 3417 4
7 3420 3
7 3442 1
7 3456 1
7 3469 1
7 3487 1
7 3499 5
7 3500 7
7 3501 1
7 3508 2
7 3547 1
7 3550 2
7 3554 1
7 3558 1
7 3561 3
7 3590 2
7 3593 1
7 3617 1
7 3630 1
7 3634 3
7 3635 1
7 3652 1
7 3659 3
7 3665 1
7 3686 2
7 3689 3
7 3695 2
7 3721 1
7 3722 4
7 3723 2
7 3727 19
7 3788 1
7 3789 1
7 3801 2
7 3813 5
7 3816 1
7 3817 1
7 3825 1
7 3831 1
7 3838 1
7 3843 1
7 3851 1
7 3858 1
7 3892 2
7 3893 1
7 3898 3
7 3899 1
7 3908 1
7 3909 1
7 3912 2
7 3915 2
7 3916 1
7 3935 3
7 3946 1
7 3954 1
7 3967 1
7 3969 1
7 3972 1
7 3975 2
7 3977 7
7 3978 1
7 3997 3
7 4012 1
7 4019 1
7 4045 1
7 4053 1
7 4070 1
7 4080 1
7 4088 3
7 4095 4
7 4118 1
7 4132 2
7 4148 1
7 4157 1
7 4160 2
7 4161 2
7 4176 1
7 4183 1
7 4189 1
7 4192 1
7 4201 2
7 4210 1
7 4214 2
7 4230 1
7 4248 1
7 4251 3
7 4252 2
7 4266 1
7 4285 1
7 4295 3
7 4310 1
7 4350 1
7 4353 1
7 4364 2
7 4377 1
7 4378 1
7 4406 5
7 4426 1
7 4447 1
7 4449 1
7 4452 1
7 4475 1
7 4492 1
7 4502 1
7 4512 1
7 4513 1
7 4517 1
7 4571 2
7 4590 1
7 4607 1
7 4629 1
7 4630 1
7 4661 1
7 4664 1
7 4666 1
7 4667 2
7 4680 1
7 4693 1
7 4723 2
7 4739 2
7 4741 1
7 4743 4
7 4752 1
7 4753 1
7 4775 1
7 4776 3
7 4778 1
7 4788 1
7 4824 1
7 4828 4
7 4830 1
7 4831 1
7 4853 5
7 4912 2
7 4917 1
7 4918 1
7 4942 1
7 4943 1
7 4945 5
7 4948 3
7 4950 1
7 4951 2
7 4967 1
7 4984 3
7 4986 6
7 4995 1
8 2 1
8 13 2
8 15 1
8 16 1
8 31 1
8 40 1
8 47 1
8 48 4
8 52 1
8 60 2
8 64 1
8 68 2
8 86 1
8 107 2
8 124 2
8 127 1
8 153 1
8 173 1
8 174 1
8 184 2
8 191 1
8 207 1
8 219 1
8 221 1
8 228 1
8 240 1
8 267 1
8 272 1
8 273 1
8 281 4
8 286 1
8 290 1
8 296 1
8 324 2
8 325 1
8 329 1
8 330 1
8 332 1
8 335 1
8 340 1
8 345 1
8 361 1
8 364 1
8 366 1
8 374 1
8 395 1
8 400 2
8 405 1
8 406 1
8 410 1
8 412 1
8 415 2
8 447 2
8 448 1
8 454 2
8 475 1
8 479 1
8 497 1
8 498 1
8 507 1
8 508 2
8 509 1
8 510 1
8 537 1
8 539 1
8 544 2
8 554 1
8 555 1
8 560 1
8 574 1
8 607 1
8 629 1
8 655 1
8 656 1
8 683 1
8 684 41
8 692 4
8 693 2
8 694 1
8 695 1
8 704 2
8 713 1
8 721 1
8 732 1
8 747 1
8 755 1
8 758 1
8 768 1
8 770 1
8 773 2
8 774 1
8 779 2
8 783 1
8 786 1
8 789 8
8 801 1
8 817 2
8 819 1
8 833 1
8 856 1
8 890 1
8 896 3
8 914 1
8 915 1
8 917 1
8 924 1
8 927 1
8 940 1
8 942 1
8 943 1
8 952 2
8 979 1
8 990 1
8 993 1
8 1027 1
8 1038 1
8 1048 1
8 1056 3
8 1070 1
8 1083 1
8 1107 1
8 1137 1
8 1146 5
8 1147 1
8 1161 1
8 1171 2
8 1174 1
8 1182 1
8 1188 1
8 1206 1
8 1213 2
8 1220 2
8 1225 4
8 1228 1
8 1237 1
8 1245 2
8 1264 1
8 1268 1
8 1275 3
8 1283 1
8 1291 1
8 1292 1
8 1323 1
8 1324 1
8 1325 6
8 1337 1
8 1342 1
8 1344 1
8 1345 1
8 1346 1
8 1357 7
8 1358 1
8 1362 1
8 1363 10
8 1364 3
8 1372 1
8 1379 1
8 1383 1
8 1385 3
8 1405 2
8 1406 1
8 1414 1
8 1416 1
8 1426 1
8 1464 1
8 1465 1
8 1467 2
8 1469 1
8 1470 1
8 1475 1
8 1480 1
8 1488 4
8 1493 4
8 1500 1
8 1510 4
8 1517 1
8 1523 5
8 1529 3
8 1530 2
8 1531 2
8 1536 1
8 1563 1
8 1570 1
8 1579 1
8 1582 1
8 1594 1
8 1614 1
8 1634 1
8 1636 2
8 1658 4
8 1665 1
8 1680 1
8 1690 1
8 1694 1
8 1696 1
8 1704 1
8 1778 1
8 1780 1
8 1801 1
8 1802 1
8 1805 1
8 1812 3
8 1815 16
8 1838 1
8 1848 1
8 1856 6
8 1872 1
8 1875 1
8 1887 3
8 1910 3
8 1914 1
8 1918 3
8 1924 2
8 1932 2
8 1941 1
8 1956 6
8 1987 1
8 2000 1
8 2008 2
8 2010 1
8 2013 2
8 2014 1
8 2028 1
8 2040 1
8 2043 2
8 2049 1
8 2051 1
8 2054 5
8 2064 1
8 2068 1
8 2069 1
8 2081 2
8 2083 1
8 2084 1
8 2094 1
8 2097 1
8 2105 1
8 2133 1
8 2138 1
8 2139 1
8 2147 1
8 2153 22
8 2170 1
8 2174 1
8 2177 2
8 2204 1
8 2218 1
8 2266 1
8 2269 2
8 2270 1
8 2279 1
8 2292 1
8 2309 1
8 2311 1
8 2316 2
8 2325 3
8 2338 1
8 2348 1
8 2351 1
8 2353 1
8 2365 1
8 2374 1
8 2381 1
8 2384 1
8 2385 60
8 2388 1
8 2396 3
8 2400 1
8 2403 1
8 2412 1
8 2414 2
8 2415 1
8 2421 1
8 2426 1
8 2434 3
8 2441 1
8 2450 1
8 2457 1
8 2477 1
8 2480 1
8 2487 1
8 2491 1
8 2495 2
8 2503 2
8 2504 2
8 2508 2
8 2514 1
8 2525 1
8 2533 1
8 2536 1
8 2545 3
8 2547 2
8 2549 2
8 2550 1
8 2553 2
8 2555 1
8 2577 2
8 2578 2
8 2579 1
8 2615 3
8 2631 1
8 2637 1
8 2677 1
8 2682 1
8 2703 1
8 2736 1
8 2739 1
8 2747 1
8 2771 1
8 2780 1
8 2795 2
8 2804 1
8 2836 1
8 2837 1
8 2841 1
8 2844 1
8 2846 1
8 2851 1
8 2855 1
8 2863 1
8 2870 1
8 2883 1
8 2911 1
8 2923 2
8 2926 1
8 2937 1
8 2949 1
8 2951 1
8 3006 1
8 3014 1
8 3029 6
8 3033 1
8 3039 2
8 3054 5
8 3069 1
8 3071 1
8 3076 1
8 3078 3
8 3082 1
8 3125 1
8 3140 1
8 3143 1
8 3146 1
8 3148 1
8 3151 1
8 3197 1
8 3200 2
8 3201 1
8 3206 2
8 3214 1
8 3231 1
8 3233 1
8 3290 1
8 3291 1
8 3292 1
8 3297 1
8 3298 1
8 3320 1
8 3333 5
8 3334 1
8 3351 2
8 3355 1
8 3368 1
8 3374 4
8 3380 1
8 3386 1
8 3416 2
8 3417 2
8 3443 1
8 3464 2
8 3465 1
8 3469 1
8 3498 1
8 3499 3
8 3526 1
8 3546 1
8 3559 2
8 3561 3
8 3570 3
8 3571 1
8 3572 1
8 3579 1
8 3593 2
8 3609 7
8 3622 1
8 3628 1
8 3636 1
8 3665 1
8 3671 1
8 3678 1
8 3683 3
8 3695 4
8 3699 1
8 3711 1
8 3715 3
8 3719 4
8 3720 1
8 3722 4
8 3723 1
8 3811 1
8 3833 1
8 3834 1
8 3841 1
8 3843 1
8 3865 1
8 3875 2
8 3887 2
8 3897 1
8 3912 1
8 3917 1
8 3929 1
8 3936 1
8 3943 2
8 3961 1
8 3963 1
8 3965 2
8 3967 3
8 3968 6
8 3975 1
8 3992 1
8 3993 2
8 4013 1
8 4020 1
8 4022 1
8 4029 1
8 4037 2
8 4044 1
8 4047 2
8 4048 1
8 4055 2
8 4056 1
8 4057 3
8 4061 1
8 4070 1
8 4080 1
8 4093 1
8 4106 1
8 4113 1
8 4114 1
8 4116 1
8 4117 1
8 4122 2
8 4132 2
8 4155 1
8 4161 1
8 4166 1
8 4190 1
8 4193 3
8 4199 2
8 4201 1
8 4205 1
8 4213 1
8 4214 1
8 4256 1
8 4262 1
8 4269 1
8 4279 2
8 4298 1
8 4335 2
8 4367 1
8 4368 3
8 4372 5
8 4377 2
8 4409 1
8 4419 1
8 4425 1
8 4426 1
8 4434 1
8 4445 1
8 4463 2
8 4488 1
8 4531 3
8 4539 6
8 4540 1
8 4545 1
8 4555 1
8 4558 1
8 4575 1
8 4593 1
8 4596 1
8 4605 1
8 4606 1
8 4623 1
8 4624 1
8 4626 1
8 4642 1
8 4667 5
8 4728 6
8 4733 1
8 4734 1
8 4766 1
8 4776 5
8 4778 1
8 4799 1
8 4808 3
8 4812 1
8 4826 2
8 4828 1
8 4831 1
8 4835 1
8 4838 9
8 4839 2
8 4844 1
8 4867 1
8 4876 2
8 4884 1
8 4885 1
8 4934 1
8 4958 1
8 4959 1
8 4972 2
8 4973 1
8 4984 2
8 4987 2
9 16 1
9 48 1
9 77 1
9 102 1
9 184 1
9 199 1
9 286 1
9 305 1
9 390 2
9 508 1
9 675 1
9 685 4
9 789 1
9 817 1
9 834 1
9 842 1
9 891 1
9 937 1
9 940 1
9 1000 1
9 1056 1
9 1065 1
9 1084 1
9 1101 1
9 1212 1
9 1214 1
9 1323 2
9 1326 1
9 1341 1
9 1363 3
9 1370 1
9 1373 3
9 1405 1
9 1487 1
9 1488 3
9 1493 1
9 1539 1
9 1541 1
9 1571 1
9 1684 1
9 1696 1
9 1800 1
9 1815 5
9 1842 1
9 1856 2
9 1883 1
9 1918 1
9 1932 1
9 1956 1
9 2028 1
9 2050 1
9 2073 1
9 2084 1
9 2093 2
9 2095 1
9 2114 1
9 2150 6
9 2160 1
9 2177 1
9 2262 1
9 2276 1
9 2293 1
9 2310 1
9 2325 2
9 2383 1
9 2384 1
9 2385 9
9 2420 1
9 2501 1
9 2513 1
9 2523 1
9 2536 1
9 2537 1
9 2545 2
9 2553 1
9 2653 1
9 2676 1
9 2809 1
9 2889 1
9 2959 1
9 3009 1
9 3027 1
9 3029 1
9 3032 1
9 3098 1
9 3102 3
9 3142 1
9 3160 1
9 3163 3
9 3182 1
9 3201 1
9 3268 1
9 3285 1
9 3287 1
9 3289 1
9 3291 2
9 3301 1
9 3330 2
9 3351 1
9 3352 1
9 3354 1
9 3374 1
9 3385 1
9 3417 2
9 3499 1
9 3659 1
9 3678 1
9 3695 1
9 3705 1
9 3707 1
9 3722 2
9 3781 1
9 3782 1
9 3801 1
9 3828 1
9 3882 1
9 3887 8
9 3912 1
9 3953 1
9 3977 1
9 4134 1
9 4297 1
9 4356 3
9 4369 1
9 4372 1
9 4540 1
9 4582 1
9 4600 1
9 4605 1
9 4609 1
9 4668 1
9 4735 1
9 4861 1
9 4973 2
10 48 3
10 72 1
10 91 1
10 104 1
10 190 1
10 229 1
10 248 1
10 274 1
10 508 1
10 543 1
10 622 1
10 773 1
10 904 3
10 905 1
10 943 1
10 993 1
10 1056 3
10 1224 1
10 1291 1
10 1298 1
10 1312 2
10 1321 1
10 1345 1
10 1372 1
10 1397 1
10 1402 1
10 1423 1
10 1447 5
10 1669 1
10 1702 1
10 1718 1
10 1752 1
10 1815 2
10 1847 1
10 1859 1
10 1883 1
10 1916 2
10 1943 1
10 2028 1
10 2082 3
10 2085 1
10 2114 1
10 2261 1
10 2316 1
10 2325 1
10 2380 1
10 2385 2
10 2511 1
10 2547 1
10 2554 1
10 2598 2
10 2795 1
10 2829 1
10 2838 1
10 3177 1
10 3202 1
10 3223 1
10 3249 1
10 3259 1
10 3287 2
10 3291 1
10 3337 1
10 3345 1
10 3351 1
10 3417 1
10 3433 1
10 3454 1
10 3499 2
10 3588 1
10 3589 1
10 3681 1
10 3842 1
10 3868 2
10 3930 1
10 4156 1
10 4230 1
10 4256 1
10 4261 1
10 4275 2
10 4318 1
10 4350 2
10 4360 1
10 4372 1
10 4957 1
10 4972 1
11 13 1
11 43 1
11 45 2
11 115 1
11 117 1
11 127 2
11 135 1
11 144 1
11 145 1
11 146 1
11 153 2
11 155 1
11 174 1
11 186 1
11 202 2
11 213 1
11 215 1
11 216 1
11 228 1
11 229 2
11 236 1
11 238 1
11 264 1
11 273 1
11 295 1
11 315 1
11 318 1
11 338 1
11 340 2
11 366 1
11 402 1
11 404 1
11 448 1
11 488 1
11 508 1
11 534 1
11 566 1
11 576 1
11 598 1
11 602 1
11 621 1
11 662 1
11 693 2
11 707 1
11 735 1
11 745 1
11 762 1
11 781 1
11 787 1
11 795 1
11 816 1
11 817 4
11 819 1
11 820 1
11 829 5
11 846 2
11 854 1
11 857 1
11 883 1
11 890 1
11 910 2
11 914 1
11 917 1
11 928 1
11 939 1
11 955 4
11 979 1
11 1004 1
11 1006 4
11 1010 1
11 1017 1
11 1022 2
11 1023 1
11 1066 1
11 1101 2
11 1143 1
11 1149 1
11 1153 1
11 1186 1
11 1208 1
11 1217 2
11 1225 1
11 1226 1
11 1249 1
11 1266 2
11 1381 2
11 1382 2
11 1405 1
11 1409 1
11 1414 1
11 1416 1
11 1441 1
11 1460 1
11 1472 1
11 1478 1
11 1491 1
11 1523 1
11 1529 2
11 1533 1
11 1534 1
11 1539 2
11 1578 1
11 1624 1
11 1634 1
11 1635 1
11 1652 5
11 1676 1
11 1685 1
11 1687 1
11 1692 1
11 1716 1
11 1776 1
11 1785 1
11 1806 1
11 1807 1
11 1812 1
11 1825 1
11 1849 1
11 1864 1
11 1866 2
11 1875 2
11 1876 3
11 1882 1
11 1887 3
11 1902 1
11 1956 5
11 1976 1
11 1977 1
11 2006 1
11 2018 1
11 2063 1
11 2101 1
11 2124 1
11 2173 1
11 2177 1
11 2200 1
11 2218 3
11 2221 1
11 2239 1
11 2258 2
11 2272 1
11 2274 1
11 2276 3
11 2283 1
11 2323 1
11 2327 1
11 2366 1
11 2376 1
11 2385 1
11 2415 1
11 2419 1
11 2424 1
11 2428 1
11 2451 1
11 2462 1
11 2466 1
11 2489 1
11 2513 3
11 2550 1
11 2569 1
11 2594 1
11 2595 1
11 2600 1
11 2646 2
11 2668 1
11 2701 2
11 2757 2
11 2804 1
11 2860 1
11 2883 2
11 2922 1
11 2936 1
11 2963 1
11 2965 1
11 2976 1
11 2996 1
11 3025 3
11 3027 1
11 3033 1
11 3039 5
11 3046 1
11 3057 1
11 3081 1
11 3100 1
11 3124 1
11 3162 1
11 3200 1
11 3203 1
11 3252 1
11 3276 1
11 3279 1
11 3286 1
11 3295 1
11 3318 1
11 3328 1
11 3333 1
11 3353 1
11 3361 2
11 3370 1
11 3407 1
11 3416 2
11 3456 1
11 3457 1
11 3500 1
11 3503 1
11 3511 1
11 3528 1
11 3548 1
11 3567 1
11 3579 1
11 3593 1
11 3599 1
11 3624 1
11 3658 1
11 3682 1
11 3701 1
11 3713 1
11 3721 1
11 3835 1
11 3842 1
11 3851 3
11 3859 1
11 3871 2
11 3884 1
11 3912 1
11 3992 1
11 3993 2
11 3996 1
11 4057 1
11 4076 1
11 4112 1
11 4129 1
11 4153 1
11 4161 1
11 4192 4
11 4193 1
11 4224 2
11 4251 1
11 4293 2
11 4294 5
11 4295 1
11 4297 1
11 4335 1
11 4341 2
11 4350 1
11 4437 1
11 4495 1
11 4515 1
11 4533 1
11 4540 1
11 4583 1
11 4606 2
11 4624 2
11 4662 1
11 4685 1
11 4704 1
11 4706 1
11 4708 1
11 4727 3
11 4728 1
11 4756 1
11 4776 2
11 4778 5
11 4801 1
11 4803 1
11 4816 1
11 4821 1
11 4831 1
11 4838 2
11 4907 1
11 4932 1
11 4944 1
12 4 1
12 7 2
12 9 1
12 13 2
12 14 1
12 34 1
12 35 1
12 42 1
12 45 3
12 46 12
12 49 1
12 54 4
12 55 4
12 56 1
12 58 2
12 79 1
12 87 2
12 88 1
12 93 3
12 94 1
12 99 1
12 106 1
12 130 1
12 131 3
12 134 1
12 138 1
12 139 1
12 140 1
12 150 3
12 151 1
12 153 1
12 154 1
12 156 1
12 157 1
12 158 1
12 162 3
12 163 3
12 164 1
12 165 1
12 166 1
12 174 2
12 177 2
12 185 6
12 198 1
12 199 1
12 200 1
12 201 1
12 206 1
12 220 2
12 223 2
12 224 1
12 228 3
12 229 4
12 234 1
12 239 1
12 241 2
12 251 1
12 255 1
12 256 1
12 262 1
12 263 1
12 264 1
12 269 5
12 270 1
12 273 2
12 276 1
12 277 1
12 278 2
12 281 2
12 298 2
12 299 1
12 300 1
12 310 1
12 311 1
12 314 1
12 320 2
12 330 3
12 336 1
12 340 3
12 351 1
12 355 1
12 357 3
12 358 1
12 360 2
12 366 4
12 368 1
12 373 2
12 377 1
12 384 1
12 390 2
12 392 1
12 394 1
12 399 1
12 404 1
12 405 3
12 406 1
12 425 1
12 428 2
12 431 3
12 432 3
12 435 1
12 438 1
12 440 2
12 445 1
12 448 2
12 454 2
12 462 2
12 468 1
12 471 4
12 472 1
12 475 1
12 476 2
12 487 1
12 504 4
12 509 2
12 518 1
12 528 1
12 530 1
12 538 1
12 540 1
12 544 2
12 546 1
12 554 1
12 556 1
12 557 1
12 560 1
12 561 1
12 562 1
12 568 1
12 571 2
12 572 2
12 577 3
12 588 1
12 589 1
12 593 1
12 600 1
12 607 4
12 612 1
12 619 2
12 633 1
12 637 3
12 638 1
12 641 1
12 643 2
12 648 1
12 649 1
12 650 1
12 666 1
12 670 1
12 677 2
12 681 1
12 688 1
12 689 1
12 693 1
12 702 1
12 712 1
12 714 2
12 721 6
12 723 1
12 724 1
12 729 1
12 730 1
12 731 1
12 732 1
12 733 1
12 735 6
12 741 1
12 742 4
12 749 2
12 750 1
12 768 1
12 773 2
12 774 1
12 784 2
12 790 1
12 792 2
12 793 1
12 794 1
12 797 2
12 799 1
12 800 5
12 803 1
12 807 1
12 811 1
12 814 1
12 819 2
12 820 2
12 826 1
12 828 1
12 829 5
12 834 1
12 836 1
12 839 2
12 845 4
12 847 2
12 848 1
12 851 2
12 853 1
12 855 1
12 860 3
12 863 1
12 869 3
12 873 1
12 878 2
12 879 1
12 886 1
12 887 1
12 903 1
12 913 1
12 914 7
12 916 20
12 917 3
12 919 1
12 922 1
12 925 1
12 926 1
12 933 2
12 934 1
12 935 1
12 947 3
12 950 1
12 964 1
12 966 4
12 968 1
12 971 1
12 972 1
12 975 1
12 978 1
12 979 6
12 984 1
12 985 1
12 988 1
12 1006 6
12 1008 2
12 1009 2
12 1010 4
12 1011 3
12 1018 1
12 1025 1
12 1030 1
12 1037 1
12 1038 2
12 1053 1
12 1056 1
12 1058 2
12 1059 1
12 1068 1
12 1074 1
12 1079 1
12 1080 1
12 1091 1
12 1103 1
12 1108 1
12 1116 1
12 1125 1
12 1126 1
12 1131 1
12 1133 1
12 1136 1
12 1138 1
12 1142 1
12 1149 4
12 1154 1
12 1155 1
12 1161 1
12 1174 1
12 1180 1
12 1185 1
12 1188 1
12 1192 1
12 1195 1
12 1204 1
12 1208 2
12 1212 2
12 1218 2
12 1219 1
12 1229 2
12 1231 1
12 1234 1
12 1236 2
12 1238 2
12 1245 1
12 1282 1
12 1285 1
12 1287 1
12 1291 1
12 1292 3
12 1298 2
12 1333 7
12 1350 4
12 1353 1
12 1354 1
12 1362 1
12 1363 3
12 1364 2
12 1371 1
12 1381 7
12 1395 2
12 1405 2
12 1416 1
12 1421 1
12 1424 10
12 1427 1
12 1428 1
12 1430 1
12 1437 1
12 1440 1
12 1441 5
12 1449 2
12 1450 1
12 1458 1
12 1460 1
12 1465 1
12 1466 2
12 1467 1
12 1473 1
12 1476 1
12 1480 1
12 1482 2
12 1483 1
12 1489 2
12 1494 1
12 1500 1
12 1502 1
12 1512 2
12 1513 1
12 1516 1
12 1520 2
12 1521 1
12 1523 1
12 1534 1
12 1535 2
12 1537 2
12 1538 1
12 1542 1
12 1543 1
12 1550 1
12 1560 1
12 1568 1
12 1575 1
12 1584 1
12 1586 2
12 1588 2
12 1591 1
12 1599 1
12 1605 1
12 1610 1
12 1622 6
12 1623 9
12 1634 3
12 1639 2
12 1647 2
12 1648 1
12 1650 1
12 1652 8
12 1653 3
12 1654 3
12 1655 1
12 1658 1
12 1660 2
12 1671 1
12 1679 2
12 1688 1
12 1689 1
12 1690 2
12 1700 1
12 1701 2
12 1702 1
12 1703 2
12 1704 1
12 1707 1
12 1713 1
12 1724 1
12 1726 1
12 1727 1
12 1729 1
12 1737 1
12 1742 7
12 1745 1
12 1747 3
12 1748 1
12 1751 12
12 1763 1
12 1769 2
12 1772 1
12 1773 1
12 1774 1
12 1775 1
12 1785 1
12 1786 2
12 1788 1
12 1789 1
12 1791 1
12 1792 1
12 1794 1
12 1795 1
12 1803 1
12 1812 5
12 1813 3
12 1820 1
12 1824 2
12 1825 2
12 1829 2
12 1831 1
12 1832 1
12 1833 2
12 1846 1
12 1847 4
12 1849 17
12 1870 1
12 1877 1
12 1880 1
12 1882 1
12 1884 1
12 1886 2
12 1907 1
12 1913 7
12 1926 1
12 1929 1
12 1939 1
12 1947 1
12 1950 1
12 1952 3
12 1954 1
12 1956 13
12 1962 4
12 1968 1
12 1969 1
12 1970 2
12 1973 1
12 1981 1
12 1982 1
12 1985 1
12 1987 2
12 2008 2
12 2009 2
12 2010 1
12 2018 3
12 2019 1
12 2026 1
12 2028 1
12 2029 1
12 2030 4
12 2031 11
12 2032 2
12 2033 1
12 2040 1
12 2053 1
12 2054 12
12 2058 1
12 2060 1
12 2061 2
12 2065 1
12 2092 1
12 2101 5
12 2104 1
12 2111 1
12 2115 2
12 2117 1
12 2128 1
12 2130 3
12 2141 2
12 2145 1
12 2160 2
12 2164 1
12 2168 1
12 2171 1
12 2176 1
12 2180 1
12 2192 1
12 2199 1
12 2208 1
12 2218 2
12 2224 1
12 2248 4
12 2251 1
12 2252 1
12 2255 1
12 2256 2
12 2259 2
12 2260 3
12 2262 2
12 2272 1
12 2276 2
12 2280 1
12 2289 3
12 2291 1
12 2293 1
12 2294 2
12 2319 1
12 2333 1
12 2350 1
12 2354 1
12 2366 4
12 2369 1
12 2372 1
12 2381 1
12 2382 1
12 2387 2
12 2389 1
12 2392 1
12 2394 1
12 2396 3
12 2399 1
12 2409 2
12 2414 2
12 2416 2
12 2417 3
12 2425 1
12 2430 3
12 2431 1
12 2434 1
12 2437 1
12 2440 1
12 2442 1
12 2456 2
12 2457 3
12 2481 1
12 2483 1
12 2484 2
12 2490 1
12 2497 5
12 2498 1
12 2499 2
12 2500 2
12 2521 2
12 2522 1
12 2524 1
12 2529 1
12 2550 1
12 2553 1
12 2557 1
12 2558 1
12 2561 2
12 2563 4
12 2586 1
12 2591 1
12 2592 3
12 2600 1
12 2611 1
12 2615 2
12 2622 2
12 2623 2
12 2630 1
12 2640 2
12 2647 1
12 2669 1
12 2670 2
12 2677 1
12 2681 1
12 2683 1
12 2692 1
12 2698 1
12 2699 1
12 2700 1
12 2701 2
12 2705 1
12 2712 1
12 2714 1
12 2715 1
12 2716 3
12 2717 1
12 2721 1
12 2729 1
12 2730 2
12 2732 1
12 2733 1
12 2734 1
12 2735 2
12 2736 1
12 2745 1
12 2752 1
12 2755 1
12 2756 1
12 2759 1
12 2770 1
12 2777 1
12 2789 1
12 2799 1
12 2804 1
12 2805 2
12 2809 1
12 2811 2
12 2812 1
12 2816 1
12 2818 1
12 2820 6
12 2822 2
12 2823 1
12 2827 1
12 2834 1
12 2835 1
12 2842 1
12 2845 1
12 2849 2
12 2852 1
12 2864 1
12 2872 1
12 2873 2
12 2874 1
12 2879 2
12 2882 1
12 2885 1
12 2886 1
12 2891 1
12 2895 1
12 2896 1
12 2902 1
12 2903 1
12 2906 1
12 2907 1
12 2924 1
12 2925 1
12 2930 1
12 2931 1
12 2932 1
12 2934 1
12 2941 1
12 2959 1
12 2961 1
12 2970 3
12 2971 1
12 2974 4
12 2975 3
12 2976 7
12 2979 1
12 2985 2
12 2989 1
12 2991 1
12 2993 1
12 2996 4
12 2997 1
12 2999 1
12 3001 2
12 3003 1
12 3005 1
12 3006 6
12 3009 2
12 3017 5
12 3025 2
12 3026 1
12 3029 3
12 3036 1
12 3044 1
12 3054 2
12 3058 1
12 3062 1
12 3068 1
12 3073 1
12 3074 1
12 3092 2
12 3097 1
12 3103 3
12 3108 1
12 3109 1
12 3110 1
12 3115 1
12 3116 1
12 3121 1
12 3122 2
12 3129 1
12 3130 1
12 3135 1
12 3140 8
12 3141 1
12 3146 3
12 3155 1
12 3156 1
12 3158 2
12 3161 1
12 3164 1
12 3165 1
12 3166 1
12 3173 1
12 3178 1
12 3184 1
12 3191 1
12 3212 2
12 3222 2
12 3225 1
12 3236 2
12 3240 1
12 3243 1
12 3261 1
12 3263 1
12 3266 1
12 3267 2
12 3276 1
12 3277 2
12 3291 1
12 3292 3
12 3294 1
12 3295 1
12 3297 2
12 3298 1
12 3302 10
12 3303 1
12 3308 1
12 3310 1
12 3313 1
12 3323 1
12 3327 1
12 3330 3
12 3339 1
12 3340 1
12 3342 1
12 3343 1
12 3356 1
12 3359 4
12 3360 4
12 3370 7
12 3372 1
12 3374 1
12 3377 2
12 3378 1
12 3383 1
12 3386 1
12 3413 1
12 3415 1
12 3416 3
12 3418 1
12 3419 1
12 3430 1
12 3435 2
12 3440 1
12 3442 2
12 3447 2
12 3456 1
12 3458 1
12 3459 2
12 3472 1
12 3473 1
12 3477 1
12 3490 1
12 3491 1
12 3493 2
12 3497 1
12 3498 2
12 3499 2
12 3500 4
12 3502 1
12 3521 1
12 3524 1
12 3533 1
12 3535 1
12 3538 1
12 3541 1
12 3548 1
12 3561 5
12 3563 1
12 3574 1
12 3580 2
12 3583 3
12 3585 1
12 3588 1
12 3594 5
12 3595 1
12 3598 1
12 3604 1
12 3607 1
12 3608 1
12 3620 2
12 3625 1
12 3632 1
12 3645 5
12 3666 1
12 3670 14
12 3672 1
12 3680 1
12 3687 1
12 3689 2
12 3697 1
12 3699 1
12 3712 1
12 3713 3
12 3718 2
12 3719 1
12 3722 1
12 3723 2
12 3728 1
12 3734 1
12 3735 2
12 3747 1
12 3759 1
12 3760 1
12 3761 1
12 3762 1
12 3775 1
12 3780 3
12 3788 1
12 3803 2
12 3812 1
12 3814 1
12 3829 1
12 3836 1
12 3843 1
12 3845 1
12 3850 1
12 3851 2
12 3862 2
12 3867 1
12 3869 1
12 3871 3
12 3887 5
12 3891 1
12 3896 1
12 3898 1
12 3901 1
12 3903 1
12 3912 6
12 3914 1
12 3916 3
12 3926 3
12 3927 1
12 3934 2
12 3937 2
12 3949 2
12 3951 1
12 3953 1
12 3955 3
12 3960 1
12 3964 2
12 3968 1
12 3971 2
12 3975 1
12 3994 1
12 4000 1
12 4001 1
12 4008 1
12 4017 1
12 4020 1
12 4032 1
12 4038 1
12 4049 2
12 4058 1
12 4064 1
12 4090 1
12 4092 2
12 4094 1
12 4096 1
12 4105 1
12 4110 3
12 4113 1
12 4114 1
12 4117 1
12 4121 1
12 4123 1
12 4125 1
12 4128 1
12 4131 1
12 4132 2
12 4133 1
12 4139 1
12 4142 1
12 4149 1
12 4156 1
12 4158 1
12 4161 1
12 4163 2
12 4168 2
12 4170 4
12 4175 1
12 4179 1
12 4187 1
12 4191 1
12 4192 1
12 4196 1
12 4198 1
12 4202 1
12 4206 1
12 4207 2
12 4212 1
12 4213 4
12 4214 10
12 4220 1
12 4224 3
12 4227 1
12 4229 4
12 4237 7
12 4245 1
12 4246 1
12 4251 1
12 4256 1
12 4261 1
12 4270 8
12 4274 1
12 4276 2
12 4281 4
12 4282 2
12 4286 1
12 4295 1
12 4296 1
12 4297 3
12 4298 4
12 4301 1
12 4302 4
12 4303 1
12 4304 1
12 4307 1
12 4314 1
12 4322 1
12 4323 3
12 4326 2
12 4333 1
12 4338 2
12 4339 2
12 4346 5
12 4353 1
12 4363 1
12 4368 4
12 4374 1
12 4375 1
12 4377 2
12 4384 7
12 4385 1
12 4393 1
12 4397 1
12 4399 1
12 4400 1
12 4408 2
12 4412 2
12 4414 1
12 4416 1
12 4421 1
12 4422 5
12 4423 1
12 4436 1
12 4450 1
12 4454 1
12 4458 1
12 4461 1
12 4465 1
12 4467 2
12 4472 1
12 4480 1
12 4481 1
12 4482 2
12 4486 1
12 4487 1
12 4495 1
12 4516 1
12 4530 1
12 4531 1
12 4534 1
12 4535 1
12 4538 1
12 4545 3
12 4546 1
12 4550 2
12 4555 7
12 4574 1
12 4576 1
12 4578 1
12 4579 1
12 4586 2
12 4596 1
12 4605 3
12 4617 2
12 4621 1
12 4632 1
12 4633 1
12 4640 1
12 4646 1
12 4650 1
12 4655 1
12 4656 1
12 4665 1
12 4667 1
12 4669 1
12 4673 1
12 4679 1
12 4682 1
12 4684 1
12 4689 3
12 4704 2
12 4705 1
12 4708 1
12 4711 1
12 4717 1
12 4718 1
12 4727 1
12 4740 2
12 4744 1
12 4745 1
12 4746 1
12 4751 1
12 4758 1
12 4760 2
12 4761 1
12 4765 1
12 4768 1
12 4771 1
12 4772 2
12 4773 1
12 4774 1
12 4775 1
12 4776 4
12 4782 2
12 4791 1
12 4792 1
12 4794 2
12 4796 1
12 4803 5
12 4804 1
12 4807 1
12 4808 2
12 4809 1
12 4812 1
12 4818 3
12 4820 2
12 4828 6
12 4831 1
12 4835 1
12 4837 7
12 4838 5
12 4843 2
12 4849 3
12 4860 1
12 4864 1
12 4866 3
12 4869 1
12 4872 1
12 4891 1
12 4893 1
12 4901 11
12 4903 2
12 4911 14
12 4913 3
12 4915 1
12 4929 3
12 4937 1
12 4947 2
12 4949 1
12 4966 1
12 4968 1
12 4974 6
12 4975 1
12 4983 1
12 4985 1
12 4988 2
12 4993 1
12 4995 4
13 27 3
13 33 2
13 41 1
13 45 1
13 60 2
13 64 1
13 112 1
13 124 1
13 127 1
13 129 1
13 132 2
13 153 2
13 184 2
13 185 1
13 195 1
13 199 1
13 210 4
13 212 2
13 229 3
13 254 1
13 267 1
13 276 1
13 294 1
13 297 1
13 312 1
13 344 1
13 345 1
13 381 1
13 387 1
13 388 1
13 395 2
13 401 1
13 417 2
13 425 1
13 441 1
13 448 3
13 453 1
13 466 1
13 469 1
13 470 1
13 471 1
13 475 1
13 499 1
13 508 3
13 509 1
13 531 1
13 553 1
13 589 1
13 595 1
13 596 2
13 598 3
13 607 1
13 693 1
13 735 2
13 739 1
13 743 1
13 768 1
13 773 4
13 779 1
13 786 1
13 789 2
13 810 1
13 811 1
13 812 1
13 817 1
13 820 1
13 828 3
13 829 3
13 835 1
13 839 1
13 866 1
13 885 1
13 893 1
13 899 1
13 907 1
13 913 2
13 932 1
13 943 1
13 947 1
13 951 2
13 968 1
13 1033 1
13 1056 1
13 1065 1
13 1066 1
13 1075 1
13 1136 3
13 1138 1
13 1143 1
13 1146 1
13 1210 1
13 1211 1
13 1213 1
13 1220 1
13 1263 1
13 1265 1
13 1277 1
13 1284 1
13 1291 2
13 1292 5
13 1301 2
13 1302 1
13 1317 1
13 1323 3
13 1346 2
13 1361 1
13 1363 2
13 1385 1
13 1389 1
13 1405 1
13 1418 1
13 1419 2
13 1426 1
13 1480 1
13 1493 6
13 1500 2
13 1510 2
13 1523 3
13 1529 2
13 1546 1
13 1551 1
13 1563 19
13 1566 1
13 1611 1
13 1616 1
13 1618 3
13 1625 3
13 1690 1
13 1708 1
13 1742 1
13 1743 1
13 1758 1
13 1759 1
13 1859 2
13 1883 1
13 1887 2
13 1896 1
13 1910 1
13 1956 8
13 1957 1
13 1960 1
13 1985 1
13 1987 1
13 2018 1
13 2035 1
13 2043 1
13 2045 1
13 2079 1
13 2099 1
13 2101 1
13 2156 1
13 2160 1
13 2168 2
13 2176 1
13 2177 2
13 2219 1
13 2220 1
13 2252 1
13 2258 1
13 2265 1
13 2266 3
13 2272 1
13 2276 1
13 2279 2
13 2293 1
13 2294 1
13 2298 1
13 2326 1
13 2331 2
13 2352 1
13 2364 2
13 2368 1
13 2370 2
13 2371 1
13 2374 1
13 2375 1
13 2433 1
13 2436 1
13 2448 1
13 2452 1
13 2494 1
13 2497 1
13 2509 1
13 2517 1
13 2519 2
13 2521 1
13 2545 1
13 2547 1
13 2549 1
13 2567 1
13 2568 1
13 2571 1
13 2587 1
13 2616 1
13 2617 1
13 2618 1
13 2623 1
13 2624 1
13 2625 1
13 2636 1
13 2661 1
13 2679 1
13 2689 1
13 2704 2
13 2709 1
13 2737 1
13 2739 1
13 2746 1
13 2749 1
13 2767 1
13 2801 1
13 2804 1
13 2883 1
13 2896 1
13 2924 1
13 2937 2
13 2953 1
13 2976 2
13 2996 1
13 3015 2
13 3017 1
13 3050 1
13 3056 1
13 3089 1
13 3126 2
13 3140 1
13 3141 2
13 3146 2
13 3154 1
13 3160 1
13 3178 1
13 3246 1
13 3262 1
13 3285 3
13 3289 1
13 3291 4
13 3292 1
13 3303 1
13 3304 1
13 3307 1
13 3311 1
13 3322 1
13 3337 2
13 3338 2
13 3352 1
13 3358 1
13 3360 5
13 3416 1
13 3417 3
13 3424 2
13 3442 1
13 3443 1
13 3448 1
13 3450 1
13 3477 1
13 3499 2
13 3500 4
13 3515 1
13 3519 1
13 3530 1
13 3562 2
13 3569 2
13 3571 1
13 3572 1
13 3577 1
13 3617 4
13 3636 1
13 3639 1
13 3660 2
13 3679 1
13 3695 1
13 3706 1
13 3722 1
13 3743 1
13 3767 1
13 3771 1
13 3780 1
13 3796 2
13 3803 1
13 3813 1
13 3815 1
13 3851 1
13 3852 1
13 3856 1
13 3887 4
13 3899 1
13 3912 2
13 3922 1
13 3931 1
13 3955 2
13 3960 1
13 3967 1
13 3975 1
13 3982 1
13 3999 1
13 4005 1
13 4011 1
13 4014 1
13 4017 1
13 4030 1
13 4039 1
13 4047 1
13 4053 1
13 4054 4
13 4055 7
13 4057 6
13 4074 1
13 4117 1
13 4138 1
13 4143 1
13 4148 1
13 4166 2
13 4185 1
13 4213 2
13 4214 2
13 4222 1
13 4224 1
13 4271 1
13 4286 1
13 4287 1
13 4292 1
13 4338 1
13 4359 3
13 4365 2
13 4367 1
13 4372 1
13 4381 1
13 4384 1
13 4388 21
13 4402 2
13 4406 1
13 4416 1
13 4447 1
13 4448 1
13 4452 1
13 4466 1
13 4468 1
13 4475 1
13 4495 1
13 4547 1
13 4570 6
13 4573 1
13 4599 1
13 4612 2
13 4617 2
13 4619 1
13 4625 1
13 4633 1
13 4638 1
13 4660 1
13 4677 1
13 4733 1
13 4743 2
13 4755 1
13 4776 2
13 4778 1
13 4803 1
13 4806 1
13 4808 1
13 4820 2
13 4831 2
13 4853 2
13 4876 1
13 4877 2
13 4927 1
13 4953 1
13 4967 2
13 4987 2
14 1 2
14 2 3
14 3 1
14 4 1
14 17 1
14 19 1
14 20 1
14 25 1
14 26 1
14 27 2
14 30 1
14 36 3
14 38 1
14 43 1
14 44 4
14 45 16
14 50 1
14 53 1
14 54 7
14 55 3
14 57 1
14 58 16
14 63 1
14 68 3
14 69 1
14 70 1
14 80 17
14 81 3
14 84 1
14 89 1
14 93 1
14 95 1
14 97 4
14 100 2
14 111 1
14 116 6
14 117 1
14 118 1
14 119 1
14 120 6
14 121 1
14 122 1
14 125 1
14 132 3
14 133 1
14 135 1
14 136 1
14 137 10
14 141 2
14 143 5
14 145 1
14 146 1
14 147 1
14 149 1
14 159 2
14 160 1
14 161 1
14 165 1
14 168 2
14 169 1
14 172 4
14 175 1
14 176 1
14 180 1
14 185 14
14 186 2
14 187 1
14 193 12
14 194 1
14 197 1
14 204 3
14 205 1
14 206 2
14 208 1
14 209 1
14 210 1
14 211 1
14 215 1
14 217 1
14 218 1
14 223 1
14 227 2
14 229 14
14 230 1
14 231 2
14 237 1
14 238 1
14 239 1
14 241 4
14 242 1
14 243 2
14 244 1
14 246 1
14 247 4
14 249 1
14 250 3
14 253 6
14 254 1
14 256 2
14 257 1
14 261 3
14 264 10
14 267 3
14 271 5
14 273 8
14 275 1
14 280 2
14 281 2
14 283 1
14 284 1
14 287 1
14 291 1
14 303 1
14 304 4
14 306 1
14 307 2
14 308 1
14 315 1
14 318 3
14 320 2
14 321 2
14 329 2
14 331 1
14 337 1
14 340 1
14 341 1
14 342 1
14 343 3
14 346 1
14 349 1
14 351 3
14 352 1
14 353 2
14 354 1
14 358 1
14 359 6
14 360 3
14 366 6
14 367 4
14 370 1
14 371 11
14 376 43
14 378 1
14 379 1
14 383 1
14 388 7
14 390 1
14 393 1
14 396 5
14 397 2
14 400 1
14 402 11
14 403 1
14 404 4
14 405 3
14 408 1
14 410 1
14 412 1
14 415 1
14 416 1
14 417 1
14 418 2
14 422 1
14 423 2
14 425 5
14 426 2
14 430 1
14 433 2
14 434 1
14 441 1
14 442 3
14 443 1
14 445 1
14 447 3
14 448 1
14 449 5
14 450 2
14 452 1
14 456 1
14 457 1
14 458 1
14 459 1
14 460 2
14 463 2
14 465 3
14 471 24
14 474 1
14 475 9
14 477 1
14 478 1
14 481 1
14 482 1
14 484 1
14 490 1
14 491 2
14 492 1
14 495 1
14 496 2
14 498 1
14 503 2
14 508 23
14 509 6
14 514 2
14 515 2
14 516 1
14 517 1
14 520 1
14 521 2
14 522 1
14 525 1
14 526 2
14 527 9
14 529 3
14 530 1
14 531 5
14 533 1
14 534 1
14 535 1
14 536 1
14 541 1
14 542 1
14 551 1
14 557 1
14 562 1
14 566 3
14 568 1
14 569 3
14 570 1
14 578 13
14 579 1
14 581 1
14 582 15
14 583 1
14 584 1
14 586 1
14 587 1
14 590 1
14 592 1
14 602 2
14 603 1
14 604 4
14 605 1
14 606 1
14 607 5
14 618 1
14 619 1
14 620 1
14 623 2
14 632 1
14 635 1
14 636 5
14 642 1
14 643 1
14 652 3
14 655 1
14 661 3
14 667 1
14 672 1
14 673 1
14 675 2
14 676 4
14 677 18
14 680 4
14 682 1
14 683 1
14 686 1
14 690 1
14 692 2
14 693 5
14 694 1
14 696 1
14 697 4
14 698 2
14 699 1
14 701 3
14 702 4
14 710 4
14 711 1
14 714 2
14 715 1
14 716 1
14 717 2
14 718 1
14 719 1
14 721 1
14 722 1
14 725 1
14 726 1
14 727 1
14 728 2
14 734 1
14 737 1
14 738 3
14 739 21
14 744 1
14 745 1
14 751 1
14 752 1
14 760 1
14 761 1
14 764 5
14 765 1
14 766 1
14 767 1
14 768 2
14 770 2
14 772 2
14 773 8
14 774 4
14 775 1
14 776 1
14 779 4
14 780 1
14 782 1
14 789 2
14 796 7
14 802 1
14 805 1
14 806 1
14 812 3
14 814 5
14 817 9
14 818 1
14 819 2
14 820 10
14 825 1
14 827 1
14 828 11
14 829 48
14 830 1
14 831 1
14 832 1
14 836 3
14 839 3
14 840 2
14 841 2
14 842 2
14 844 1
14 849 3
14 850 3
14 851 2
14 860 1
14 864 1
14 867 1
14 868 1
14 870 1
14 871 5
14 874 7
14 880 1
14 883 2
14 884 2
14 885 2
14 892 1
14 895 1
14 896 6
14 899 2
14 900 15
14 901 1
14 902 1
14 906 1
14 908 6
14 909 2
14 910 1
14 911 1
14 912 1
14 913 12
14 914 41
14 915 17
14 916 1
14 917 1
14 918 1
14 921 1
14 926 2
14 931 1
14 932 2
14 938 1
14 939 4
14 944 1
14 945 1
14 946 1
14 947 16
14 949 1
14 952 9
14 955 7
14 956 2
14 957 1
14 958 1
14 960 3
14 961 1
14 962 4
14 963 4
14 964 3
14 965 2
14 968 5
14 970 2
14 972 1
14 973 1
14 976 1
14 977 1
14 979 3
14 981 1
14 982 1
14 983 1
14 988 4
14 995 1
14 998 1
14 999 3
14 1002 2
14 1006 6
14 1007 2
14 1009 1
14 1010 6
14 1014 1
14 1015 4
14 1016 1
14 1024 1
14 1029 1
14 1030 3
14 1035 3
14 1036 1
14 1039 1
14 1041 1
14 1042 1
14 1053 1
14 1054 1
14 1055 1
14 1056 8
14 1060 3
14 1061 1
14 1062 1
14 1063 1
14 1064 1
14 1065 1
14 1066 2
14 1067 1
14 1072 1
14 1073 1
14 1076 1
14 1077 1
14 1078 1
14 1080 1
14 1083 2
14 1085 1
14 1086 1
14 1087 5
14 1088 1
14 1089 1
14 1090 1
14 1092 1
14 1097 1
14 1100 1
14 1102 2
14 1105 1
14 1109 3
14 1111 1
14 1112 1
14 1115 2
14 1116 1
14 1117 2
14 1118 1
14 1120 1
14 1126 2
14 1130 2
14 1134 1
14 1135 1
14 1136 6
14 1138 9
14 1139 1
14 1140 1
14 1141 1
14 1142 12
14 1143 5
14 1148 1
14 1149 2
14 1151 2
14 1152 1
14 1158 1
14 1159 1
14 1160 1
14 1164 1
14 1166 1
14 1167 2
14 1169 1
14 1170 2
14 1176 2
14 1179 1
14 1180 2
14 1183 1
14 1189 2
14 1191 1
14 1193 1
14 1194 2
14 1196 1
14 1200 1
14 1201 1
14 1202 1
14 1204 1
14 1205 1
14 1207 2
14 1208 19
14 1209 2
14 1212 1
14 1215 1
14 1216 1
14 1217 2
14 1220 3
14 1221 1
14 1224 4
14 1225 5
14 1228 3
14 1229 1
14 1230 1
14 1234 14
14 1236 9
14 1245 1
14 1246 1
14 1247 1
14 1254 1
14 1256 1
14 1265 2
14 1284 1
14 1289 1
14 1291 13
14 1292 2
14 1295 1
14 1297 1
14 1298 9
14 1299 2
14 1300 1
14 1302 2
14 1303 8
14 1304 11
14 1305 11
14 1306 3
14 1310 1
14 1314 1
14 1317 2
14 1318 3
14 1319 1
14 1321 1
14 1326 1
14 1328 4
14 1329 5
14 1330 3
14 1332 1
14 1333 99
14 1334 3
14 1336 1
14 1338 5
14 1339 1
14 1340 1
14 1343 1
14 1346 2
14 1347 1
14 1353 15
14 1355 1
14 1356 1
14 1360 2
14 1363 1
14 1367 1
14 1368 1
14 1374 1
14 1376 1
14 1380 3
14 1381 3
14 1382 1
14 1388 3
14 1389 1
14 1390 1
14 1391 2
14 1399 1
14 1400 8
14 1403 6
14 1405 9
14 1406 1
14 1407 8
14 1408 2
14 1409 1
14 1414 1
14 1415 3
14 1416 3
14 1417 1
14 1419 11
14 1422 3
14 1424 1
14 1425 1
14 1426 3
14 1432 4
14 1435 1
14 1436 1
14 1437 5
14 1438 1
14 1441 1
14 1442 1
14 1448 1
14 1449 2
14 1456 3
14 1461 2
14 1462 1
14 1463 2
14 1484 2
14 1485 1
14 1487 1
14 1490 1
14 1493 2
14 1495 1
14 1498 1
14 1500 2
14 1501 4
14 1503 2
14 1509 1
14 1510 25
14 1519 1
14 1520 1
14 1522 1
14 1523 90
14 1528 2
14 1529 6
14 1531 3
14 1532 1
14 1534 1
14 1539 9
14 1540 1
14 1542 5
14 1544 1
14 1545 2
14 1547 5
14 1552 3
14 1554 4
14 1557 2
14 1558 3
14 1559 2
14 1562 3
14 1563 3
14 1566 7
14 1567 7
14 1569 1
14 1571 1
14 1572 2
14 1573 1
14 1574 1
14 1575 1
14 1577 1
14 1581 1
14 1585 1
14 1590 2
14 1602 1
14 1603 2
14 1604 1
14 1607 1
14 1609 1
14 1613 1
14 1614 1
14 1616 1
14 1619 1
14 1624 1
14 1626 1
14 1628 1
14 1629 1
14 1630 2
14 1634 6
14 1639 4
14 1640 2
14 1641 4
14 1642 3
14 1643 3
14 1644 2
14 1645 11
14 1646 1
14 1649 1
14 1652 24
14 1656 1
14 1657 1
14 1659 1
14 1661 7
14 1662 2
14 1668 1
14 1672 4
14 1674 1
14 1675 1
14 1676 2
14 1678 1
14 1680 1
14 1681 13
14 1684 1
14 1686 1
14 1687 1
14 1690 2
14 1692 17
14 1693 7
14 1697 1
14 1698 1
14 1699 5
14 1702 17
14 1705 1
14 1706 1
14 1707 1
14 1712 1
14 1714 2
14 1715 1
14 1717 1
14 1719 1
14 1720 1
14 1721 3
14 1722 2
14 1723 25
14 1725 1
14 1728 1
14 1730 2
14 1731 17
14 1732 4
14 1733 5
14 1734 1
14 1735 1
14 1736 1
14 1737 2
14 1738 1
14 1740 1
14 1741 1
14 1742 3
14 1746 2
14 1749 2
14 1750 5
14 1754 1
14 1756 2
14 1761 1
14 1762 1
14 1767 1
14 1769 5
14 1773 1
14 1774 1
14 1777 1
14 1782 1
14 1786 2
14 1790 1
14 1797 2
14 1802 1
14 1804 1
14 1812 2
14 1813 1
14 1816 2
14 1817 4
14 1818 1
14 1819 1
14 1822 1
14 1823 1
14 1826 1
14 1830 1
14 1833 1
14 1834 1
14 1835 1
14 1837 1
14 1838 5
14 1839 1
14 1840 3
14 1842 1
14 1843 1
14 1845 1
14 1847 9
14 1849 14
14 1850 1
14 1859 18
14 1864 4
14 1865 1
14 1867 3
14 1868 1
14 1869 1
14 1874 6
14 1875 43
14 1878 8
14 1879 3
14 1881 1
14 1887 2
14 1888 4
14 1889 1
14 1890 1
14 1892 4
14 1894 1
14 1898 1
14 1899 1
14 1901 1
14 1902 2
14 1903 3
14 1904 1
14 1912 2
14 1915 1
14 1918 5
14 1921 1
14 1924 1
14 1925 1
14 1927 12
14 1928 1
14 1931 1
14 1932 24
14 1933 1
14 1935 1
14 1936 2
14 1942 1
14 1949 1
14 1951 1
14 1952 8
14 1953 3
14 1956 9
14 1958 1
14 1962 1
14 1963 1
14 1969 2
14 1971 1
14 1972 3
14 1976 3
14 1977 1
14 1978 1
14 1979 1
14 1980 1
14 1983 1
14 1984 1
14 1985 1
14 1987 1
14 1989 1
14 1990 1
14 1991 1
14 1997 1
14 1998 1
14 2001 1
14 2002 2
14 2003 1
14 2004 1
14 2007 6
14 2008 1
14 2009 5
14 2010 1
14 2011 2
14 2012 3
14 2013 1
14 2016 2
14 2018 9
14 2020 1
14 2021 2
14 2023 1
14 2024 2
14 2027 1
14 2030 1
14 2039 1
14 2042 1
14 2044 3
14 2046 1
14 2048 1
14 2052 1
14 2055 1
14 2056 1
14 2057 2
14 2058 2
14 2061 3
14 2062 1
14 2067 1
14 2071 1
14 2073 1
14 2074 2
14 2084 1
14 2085 1
14 2086 5
14 2091 1
14 2093 5
14 2094 3
14 2095 11
14 2096 3
14 2097 3
14 2098 2
14 2099 3
14 2101 5
14 2102 1
14 2105 1
14 2108 1
14 2109 2
14 2110 2
14 2115 4
14 2117 1
14 2118 3
14 2120 1
14 2121 2
14 2122 1
14 2123 1
14 2124 1
14 2125 1
14 2138 1
14 2140 1
14 2143 1
14 2155 1
14 2157 1
14 2161 1
14 2162 1
14 2164 1
14 2166 1
14 2167 5
14 2168 1
14 2169 1
14 2174 1
14 2178 1
14 2181 3
14 2182 3
14 2183 2
14 2187 1
14 2188 1
14 2194 2
14 2195 1
14 2202 1
14 2207 2
14 2213 1
14 2214 2
14 2215 1
14 2217 2
14 2218 20
14 2219 1
14 2221 2
14 2232 1
14 2234 1
14 2237 1
14 2241 2
14 2242 4
14 2243 1
14 2246 1
14 2249 4
14 2257 3
14 2259 1
14 2260 6
14 2262 9
14 2265 1
14 2266 1
14 2271 1
14 2272 11
14 2273 2
14 2274 6
14 2275 1
14 2276 26
14 2278 1
14 2279 6
14 2284 17
14 2287 1
14 2288 3
14 2289 1
14 2290 1
14 2293 9
14 2294 1
14 2295 3
14 2297 2
14 2299 8
14 2300 2
14 2301 1
14 2302 2
14 2303 1
14 2304 2
14 2306 2
14 2307 1
14 2308 1
14 2312 1
14 2313 3
14 2314 3
14 2315 1
14 2318 1
14 2320 3
14 2321 1
14 2322 2
14 2323 1
14 2324 1
14 2325 1
14 2327 2
14 2328 1
14 2329 1
14 2330 1
14 2331 2
14 2332 1
14 2339 1
14 2345 1
14 2349 2
14 2352 1
14 2354 1
14 2356 5
14 2357 3
14 2362 1
14 2363 1
14 2366 2
14 2377 1
14 2378 1
14 2379 3
14 2380 2
14 2389 1
14 2391 2
14 2393 2
14 2395 1
14 2396 16
14 2398 5
14 2399 5
14 2400 1
14 2401 1
14 2402 1
14 2404 1
14 2405 2
14 2406 1
14 2408 2
14 2409 1
14 2413 2
14 2414 1
14 2416 3
14 2418 1
14 2422 1
14 2423 1
14 2427 1
14 2429 8
14 2431 1
14 2432 2
14 2434 1
14 2436 2
14 2445 1
14 2446 1
14 2451 13
14 2453 2
14 2454 1
14 2456 1
14 2457 6
14 2459 1
14 2460 1
14 2461 1
14 2467 2
14 2468 12
14 2469 3
14 2471 1
14 2472 3
14 2473 1
14 2478 1
14 2488 1
14 2494 2
14 2504 1
14 2506 2
14 2520 1
14 2521 2
14 2537 2
14 2538 1
14 2539 3
14 2540 2
14 2546 13
14 2547 1
14 2548 1
14 2549 6
14 2550 6
14 2553 2
14 2556 1
14 2559 1
14 2560 7
14 2561 4
14 2563 3
14 2565 1
14 2566 2
14 2567 2
14 2569 13
14 2570 1
14 2573 1
14 2575 1
14 2576 1
14 2577 4
14 2579 10
14 2580 1
14 2582 5
14 2583 1
14 2584 1
14 2585 1
14 2587 1
14 2588 2
14 2591 4
14 2592 6
14 2596 1
14 2597 2
14 2601 3
14 2609 1
14 2610 1
14 2611 1
14 2612 1
14 2613 6
14 2614 1
14 2616 3
14 2618 3
14 2622 3
14 2624 1
14 2626 1
14 2628 1
14 2630 1
14 2634 1
14 2636 1
14 2638 1
14 2639 1
14 2641 1
14 2642 1
14 2643 1
14 2644 1
14 2650 1
14 2652 1
14 2656 1
14 2659 1
14 2661 2
14 2662 1
14 2663 2
14 2664 1
14 2667 10
14 2670 2
14 2672 1
14 2674 5
14 2678 5
14 2679 1
14 2682 1
14 2683 2
14 2684 3
14 2685 1
14 2689 1
14 2693 1
14 2694 1
14 2695 4
14 2696 2
14 2697 1
14 2698 21
14 2701 1
14 2703 1
14 2705 4
14 2708 1
14 2711 5
14 2713 1
14 2714 1
14 2717 1
14 2719 3
14 2720 1
14 2724 1
14 2728 2
14 2730 1
14 2736 2
14 2737 1
14 2738 1
14 2739 1
14 2742 4
14 2743 1
14 2744 3
14 2745 1
14 2749 1
14 2751 1
14 2756 3
14 2757 2
14 2760 2
14 2761 2
14 2764 1
14 2765 1
14 2771 1
14 2781 1
14 2782 1
14 2783 1
14 2786 1
14 2787 1
14 2790 1
14 2791 1
14 2792 8
14 2793 2
14 2794 6
14 2796 1
14 2798 1
14 2802 1
14 2804 4
14 2806 1
14 2809 2
14 2812 12
14 2815 1
14 2819 1
14 2820 2
14 2821 2
14 2822 1
14 2824 1
14 2828 1
14 2830 4
14 2831 1
14 2832 3
14 2833 2
14 2834 1
14 2837 1
14 2839 1
14 2840 1
14 2843 1
14 2848 1
14 2858 2
14 2866 1
14 2867 1
14 2869 1
14 2871 2
14 2875 1
14 2881 3
14 2884 3
14 2888 1
14 2893 2
14 2896 2
14 2904 1
14 2909 1
14 2913 2
14 2915 1
14 2917 1
14 2918 4
14 2919 2
14 2921 1
14 2922 2
14 2923 1
14 2924 1
14 2927 1
14 2929 2
14 2935 1
14 2936 2
14 2937 1
14 2938 6
14 2942 1
14 2943 1
14 2944 1
14 2945 1
14 2946 1
14 2948 1
14 2949 15
14 2950 1
14 2951 9
14 2952 17
14 2953 1
14 2955 2
14 2958 1
14 2959 3
14 2960 2
14 2961 1
14 2964 1
14 2967 2
14 2968 1
14 2970 3
14 2972 1
14 2973 1
14 2975 5
14 2976 3
14 2979 1
14 2982 2
14 2985 1
14 2990 1
14 2993 3
14 2994 1
14 2996 4
14 2997 1
14 2999 1
14 3002 2
14 3006 1
14 3007 1
14 3009 4
14 3015 1
14 3017 1
14 3019 2
14 3020 2
14 3021 3
14 3023 1
14 3024 2
14 3027 2
14 3029 1
14 3030 2
14 3033 18
14 3034 4
14 3035 1
14 3036 1
14 3037 3
14 3038 4
14 3039 16
14 3040 2
14 3041 2
14 3042 1
14 3043 1
14 3046 4
14 3047 1
14 3053 1
14 3054 3
14 3055 1
14 3056 1
14 3057 1
14 3062 1
14 3063 25
14 3064 1
14 3065 2
14 3066 1
14 3067 2
14 3072 15
14 3073 2
14 3077 1
14 3078 2
14 3081 1
14 3083 1
14 3084 1
14 3085 3
14 3087 2
14 3091 3
14 3092 1
14 3095 1
14 3098 6
14 3099 1
14 3100 2
14 3101 2
14 3102 1
14 3103 2
14 3106 1
14 3111 1
14 3112 1
14 3113 2
14 3114 1
14 3115 1
14 3116 3
14 3117 1
14 3119 1
14 3120 1
14 3128 1
14 3131 1
14 3132 3
14 3133 11
14 3134 5
14 3135 3
14 3136 1
14 3137 4
14 3140 9
14 3141 7
14 3142 1
14 3143 7
14 3144 1
14 3152 1
14 3153 3
14 3157 1
14 3162 1
14 3167 1
14 3174 2
14 3176 3
14 3177 3
14 3178 1
14 3180 2
14 3181 5
14 3190 1
14 3194 3
14 3199 1
14 3200 2
14 3202 1
14 3206 3
14 3207 1
14 3208 1
14 3209 2
14 3210 5
14 3213 1
14 3216 1
14 3226 1
14 3227 1
14 3229 1
14 3236 4
14 3237 1
14 3238 3
14 3240 1
14 3241 2
14 3247 1
14 3250 3
14 3251 1
14 3257 1
14 3264 3
14 3265 2
14 3266 3
14 3267 6
14 3272 2
14 3273 5
14 3276 1
14 3277 5
14 3278 1
14 3280 1
14 3281 1
14 3283 1
14 3286 2
14 3291 3
14 3292 5
14 3293 1
14 3295 1
14 3296 1
14 3297 3
14 3298 2
14 3300 3
14 3302 3
14 3309 1
14 3314 2
14 3319 2
14 3320 3
14 3323 2
14 3325 3
14 3326 4
14 3329 1
14 3333 5
14 3336 1
14 3341 1
14 3346 1
14 3348 1
14 3353 1
14 3354 1
14 3355 1
14 3357 1
14 3358 7
14 3359 2
14 3360 7
14 3361 13
14 3362 3
14 3363 1
14 3364 1
14 3365 8
14 3367 1
14 3369 1
14 3370 2
14 3373 1
14 3374 18
14 3379 2
14 3387 1
14 3388 10
14 3389 4
14 3390 1
14 3393 1
14 3396 3
14 3398 1
14 3400 3
14 3401 2
14 3402 1
14 3403 1
14 3404 2
14 3408 1
14 3410 1
14 3411 2
14 3416 5
14 3417 5
14 3420 1
14 3422 1
14 3423 1
14 3425 1
14 3428 1
14 3429 1
14 3434 8
14 3437 3
14 3442 1
14 3443 2
14 3447 2
14 3449 2
14 3452 1
14 3453 2
14 3455 1
14 3456 1
14 3457 3
14 3461 1
14 3462 1
14 3463 1
14 3464 1
14 3465 3
14 3468 3
14 3473 1
14 3474 1
14 3475 1
14 3476 3
14 3479 1
14 3481 2
14 3483 1
14 3484 4
14 3485 3
14 3486 1
14 3487 7
14 3488 1
14 3495 1
14 3496 1
14 3498 3
14 3499 5
14 3500 13
14 3503 1
14 3506 1
14 3507 2
14 3512 1
14 3513 1
14 3514 1
14 3517 2
14 3518 2
14 3522 1
14 3523 1
14 3525 6
14 3528 1
14 3529 1
14 3533 8
14 3536 12
14 3539 1
14 3540 3
14 3541 1
14 3542 1
14 3543 1
14 3549 1
14 3551 1
14 3552 2
14 3553 3
14 3556 1
14 3557 1
14 3559 1
14 3560 1
14 3561 7
14 3565 3
14 3566 1
14 3571 4
14 3575 1
14 3578 1
14 3579 1
14 3581 1
14 3586 114
14 3587 1
14 3589 1
14 3592 1
14 3593 1
14 3596 1
14 3599 1
14 3600 1
14 3601 1
14 3605 1
14 3606 1
14 3612 3
14 3614 1
14 3624 4
14 3625 5
14 3626 4
14 3627 1
14 3631 1
14 3632 1
14 3633 1
14 3638 1
14 3640 11
14 3641 2
14 3642 1
14 3643 2
14 3645 17
14 3646 1
14 3648 2
14 3654 3
14 3655 3
14 3658 1
14 3660 1
14 3661 1
14 3664 1
14 3665 1
14 3669 5
14 3670 1
14 3673 1
14 3675 1
14 3680 1
14 3682 2
14 3685 3
14 3686 4
14 3687 1
14 3690 3
14 3692 1
14 3693 1
14 3695 7
14 3698 1
14 3699 8
14 3700 1
14 3701 11
14 3702 1
14 3703 17
14 3704 4
14 3708 2
14 3709 1
14 3710 1
14 3713 4
14 3714 1
14 3715 3
14 3719 1
14 3720 1
14 3722 4
14 3723 12
14 3724 1
14 3726 1
14 3731 1
14 3732 3
14 3737 1
14 3739 2
14 3741 1
14 3742 2
14 3744 1
14 3745 1
14 3746 1
14 3750 3
14 3754 1
14 3755 2
14 3757 1
14 3759 3
14 3761 16
14 3762 18
14 3763 5
14 3764 1
14 3766 1
14 3768 1
14 3769 1
14 3772 1
14 3773 1
14 3774 7
14 3776 3
14 3777 1
14 3779 1
14 3780 5
14 3784 1
14 3785 22
14 3787 3
14 3788 28
14 3789 1
14 3790 1
14 3791 1
14 3792 1
14 3793 1
14 3794 1
14 3795 24
14 3797 1
14 3799 1
14 3800 1
14 3801 3
14 3803 16
14 3805 2
14 3810 1
14 3818 1
14 3823 1
14 3824 1
14 3826 1
14 3831 1
14 3833 3
14 3840 1
14 3842 1
14 3843 2
14 3844 1
14 3848 1
14 3850 1
14 3851 9
14 3852 27
14 3853 1
14 3854 1
14 3857 1
14 3859 1
14 3860 1
14 3865 2
14 3866 1
14 3869 1
14 3870 1
14 3871 4
14 3873 1
14 3874 6
14 3875 4
14 3876 20
14 3878 2
14 3879 1
14 3880 3
14 3882 1
14 3883 2
14 3886 1
14 3887 12
14 3894 4
14 3897 1
14 3898 2
14 3899 2
14 3911 1
14 3912 3
14 3914 7
14 3916 15
14 3917 1
14 3918 1
14 3931 9
14 3932 1
14 3935 1
14 3938 1
14 3941 1
14 3944 1
14 3948 1
14 3952 8
14 3955 4
14 3958 1
14 3959 2
14 3960 5
14 3963 1
14 3965 1
14 3967 1
14 3975 1
14 3976 1
14 3978 1
14 3979 1
14 3981 5
14 3982 4
14 3986 2
14 3987 1
14 3989 1
14 3990 4
14 3992 7
14 3993 7
14 3995 2
14 3997 2
14 3999 3
14 4006 1
14 4007 1
14 4008 1
14 4009 1
14 4013 1
14 4015 3
14 4016 2
14 4017 11
14 4018 1
14 4023 1
14 4024 1
14 4025 1
14 4026 2
14 4028 1
14 4031 2
14 4032 2
14 4033 1
14 4037 3
14 4038 1
14 4039 8
14 4041 2
14 4042 2
14 4043 1
14 4052 1
14 4054 3
14 4055 1
14 4056 4
14 4057 1
14 4058 2
14 4061 3
14 4062 1
14 4065 1
14 4067 1
14 4068 2
14 4069 1
14 4075 1
14 4082 1
14 4086 1
14 4090 1
14 4091 6
14 4092 1
14 4094 1
14 4096 4
14 4098 1
14 4099 4
14 4102 2
14 4108 1
14 4109 1
14 4115 1
14 4116 1
14 4117 1
14 4119 1
14 4120 2
14 4125 1
14 4127 2
14 4130 1
14 4131 1
14 4136 3
14 4137 1
14 4139 3
14 4143 6
14 4144 1
14 4145 1
14 4153 2
14 4154 1
14 4155 24
14 4156 1
14 4157 2
14 4163 3
14 4164 1
14 4166 1
14 4171 1
14 4175 1
14 4178 1
14 4182 1
14 4183 6
14 4185 1
14 4186 7
14 4192 35
14 4195 1
14 4197 1
14 4198 1
14 4203 1
14 4205 1
14 4209 1
14 4213 1
14 4214 6
14 4215 3
14 4217 1
14 4218 1
14 4222 2
14 4223 1
14 4224 10
14 4225 1
14 4226 4
14 4227 3
14 4228 1
14 4229 9
14 4230 8
14 4231 2
14 4232 6
14 4233 1
14 4234 1
14 4235 2
14 4240 2
14 4241 1
14 4250 1
14 4251 3
14 4254 1
14 4255 4
14 4256 1
14 4257 1
14 4258 1
14 4262 1
14 4263 1
14 4267 2
14 4269 3
14 4270 10
14 4279 2
14 4284 1
14 4289 1
14 4292 5
14 4293 3
14 4295 6
14 4296 3
14 4297 1
14 4299 1
14 4300 2
14 4301 1
14 4303 1
14 4306 1
14 4308 1
14 4311 1
14 4313 1
14 4314 1
14 4315 2
14 4319 1
14 4320 1
14 4324 1
14 4326 3
14 4327 2
14 4328 1
14 4330 2
14 4334 1
14 4338 1
14 4339 2
14 4340 1
14 4342 1
14 4343 10
14 4346 1
14 4347 1
14 4350 8
14 4351 1
14 4352 1
14 4355 1
14 4358 1
14 4361 1
14 4362 1
14 4363 2
14 4369 2
14 4371 3
14 4373 1
14 4374 3
14 4377 4
14 4380 4
14 4381 1
14 4383 2
14 4385 2
14 4386 2
14 4387 1
14 4389 1
14 4390 1
14 4391 4
14 4392 1
14 4394 2
14 4395 1
14 4400 3
14 4401 4
14 4402 2
14 4404 1
14 4406 5
14 4407 5
14 4408 7
14 4409 2
14 4411 5
14 4413 1
14 4417 1
14 4418 1
14 4422 4
14 4423 1
14 4424 1
14 4425 6
14 4427 1
14 4428 2
14 4430 3
14 4431 1
14 4436 1
14 4437 1
14 4439 2
14 4440 1
14 4441 2
14 4442 1
14 4444 1
14 4446 2
14 4452 5
14 4453 1
14 4454 3
14 4457 1
14 4460 1
14 4462 3
14 4464 2
14 4467 4
14 4470 1
14 4471 1
14 4473 1
14 4474 7
14 4476 2
14 4482 3
14 4483 11
14 4484 4
14 4489 1
14 4490 2
14 4495 7
14 4496 1
14 4499 1
14 4500 1
14 4506 1
14 4508 1
14 4516 2
14 4518 1
14 4519 1
14 4520 1
14 4521 1
14 4522 1
14 4526 4
14 4527 1
14 4528 1
14 4537 1
14 4540 6
14 4541 1
14 4542 8
14 4546 1
14 4551 1
14 4552 1
14 4553 3
14 4554 1
14 4555 1
14 4556 2
14 4557 2
14 4563 1
14 4566 3
14 4570 1
14 4580 1
14 4584 1
14 4587 1
14 4589 1
14 4591 1
14 4592 1
14 4594 1
14 4596 4
14 4598 3
14 4603 1
14 4612 3
14 4618 2
14 4622 1
14 4623 2
14 4624 2
14 4628 1
14 4631 1
14 4635 2
14 4637 4
14 4640 1
14 4641 1
14 4643 1
14 4644 1
14 4645 1
14 4647 1
14 4651 2
14 4652 2
14 4657 1
14 4658 1
14 4659 1
14 4660 2
14 4662 1
14 4670 1
14 4674 2
14 4676 1
14 4687 1
14 4688 1
14 4690 1
14 4698 4
14 4706 1
14 4707 1
14 4708 5
14 4709 1
14 4710 1
14 4713 2
14 4714 1
14 4715 1
14 4717 15
14 4720 1
14 4723 1
14 4726 1
14 4730 2
14 4731 2
14 4736 1
14 4747 1
14 4748 3
14 4749 2
14 4756 3
14 4762 3
14 4763 1
14 4766 2
14 4767 2
14 4768 4
14 4770 6
14 4776 11
14 4777 3
14 4778 19
14 4779 3
14 4781 2
14 4782 1
14 4785 1
14 4786 8
14 4788 2
14 4789 1
14 4790 1
14 4793 1
14 4794 1
14 4799 2
14 4800 1
14 4801 5
14 4803 8
14 4805 1
14 4808 7
14 4810 11
14 4814 1
14 4816 8
14 4820 1
14 4823 1
14 4826 1
14 4828 2
14 4830 1
14 4833 1
14 4834 1
14 4835 2
14 4836 2
14 4838 27
14 4841 6
14 4845 1
14 4846 2
14 4847 1
14 4848 1
14 4849 2
14 4850 1
14 4853 9
14 4854 1
14 4856 1
14 4858 2
14 4863 1
14 4866 6
14 4870 1
14 4871 2
14 4873 1
14 4877 2
14 4878 1
14 4879 1
14 4888 1
14 4890 4
14 4894 1
14 4895 1
14 4896 1
14 4905 2
14 4906 1
14 4910 1
14 4911 1
14 4914 1
14 4919 1
14 4920 1
14 4921 1
14 4930 4
14 4932 2
14 4934 2
14 4935 1
14 4936 1
14 4938 1
14 4941 1
14 4948 1
14 4955 4
14 4956 2
14 4961 2
14 4969 2
14 4972 2
14 4973 1
14 4974 1
14 4976 12
14 4977 1
14 4978 7
14 4979 1
14 4980 5
14 4981 4
14 4982 1
14 4987 3
14 4989 2
14 4990 25
14 4991 1
14 4992 2
14 4995 1
15 2 1
15 96 1
15 148 2
15 179 2
15 185 1
15 229 4
15 236 1
15 279 1
15 302 1
15 313 1
15 318 1
15 326 1
15 340 2
15 341 2
15 351 1
15 352 1
15 358 4
15 360 1
15 366 1
15 405 1
15 413 1
15 448 1
15 452 1
15 460 1
15 471 1
15 472 1
15 475 5
15 508 2
15 509 1
15 512 2
15 525 1
15 554 1
15 563 1
15 599 1
15 601 1
15 609 1
15 628 1
15 631 1
15 634 1
15 636 1
15 655 2
15 663 1
15 664 1
15 669 1
15 687 2
15 701 1
15 702 3
15 706 2
15 756 1
15 773 2
15 789 1
15 810 1
15 811 1
15 817 1
15 820 1
15 828 3
15 829 1
15 874 1
15 889 1
15 921 1
15 970 2
15 971 1
15 977 1
15 986 3
15 989 1
15 996 1
15 1006 1
15 1013 2
15 1015 1
15 1034 1
15 1043 2
15 1047 1
15 1054 1
15 1055 4
15 1056 9
15 1057 1
15 1097 1
15 1099 1
15 1102 1
15 1104 1
15 1115 1
15 1119 1
15 1123 1
15 1130 1
15 1144 1
15 1149 1
15 1177 1
15 1190 1
15 1208 1
15 1216 1
15 1227 1
15 1232 1
15 1234 13
15 1236 1
15 1245 1
15 1249 1
15 1255 1
15 1264 1
15 1269 1
15 1272 1
15 1273 1
15 1277 1
15 1278 1
15 1291 5
15 1301 1
15 1323 1
15 1330 1
15 1345 1
15 1346 2
15 1353 2
15 1362 1
15 1363 2
15 1365 1
15 1381 1
15 1389 1
15 1395 2
15 1405 4
15 1408 1
15 1409 1
15 1445 1
15 1451 1
15 1488 1
15 1510 1
15 1523 2
15 1529 3
15 1541 1
15 1555 2
15 1606 1
15 1620 2
15 1621 1
15 1641 1
15 1647 1
15 1651 1
15 1667 1
15 1690 1
15 1701 1
15 1702 1
15 1706 1
15 1716 1
15 1720 1
15 1742 2
15 1786 1
15 1787 1
15 1806 2
15 1835 1
15 1849 1
15 1856 1
15 1859 6
15 1871 1
15 1884 2
15 1924 2
15 1956 9
15 1964 1
15 1969 2
15 1970 1
15 1975 2
15 1976 2
15 2036 1
15 2041 1
15 2048 1
15 2054 1
15 2093 1
15 2095 2
15 2099 1
15 2101 1
15 2118 1
15 2200 1
15 2226 1
15 2229 2
15 2230 2
15 2246 1
15 2262 1
15 2266 2
15 2268 1
15 2272 7
15 2276 4
15 2296 1
15 2364 1
15 2396 1
15 2397 2
15 2416 1
15 2433 1
15 2451 1
15 2453 1
15 2455 1
15 2502 2
15 2526 1
15 2550 1
15 2577 1
15 2590 1
15 2601 1
15 2612 1
15 2615 1
15 2616 1
15 2658 1
15 2659 1
15 2675 1
15 2696 1
15 2773 1
15 2792 1
15 2800 1
15 2802 1
15 2803 1
15 2807 1
15 2817 1
15 2863 1
15 2896 1
15 2922 1
15 2923 1
15 2936 1
15 2954 2
15 2969 1
15 2979 1
15 3009 2
15 3010 1
15 3014 1
15 3026 2
15 3027 4
15 3029 1
15 3030 1
15 3038 1
15 3039 1
15 3045 1
15 3050 2
15 3051 1
15 3053 1
15 3061 1
15 3067 1
15 3073 1
15 3075 1
15 3078 1
15 3085 1
15 3086 1
15 3088 2
15 3091 4
15 3093 1
15 3094 1
15 3096 1
15 3137 1
15 3140 1
15 3149 2
15 3170 1
15 3175 1
15 3180 2
15 3187 1
15 3200 5
15 3201 1
15 3217 1
15 3218 1
15 3239 1
15 3254 1
15 3257 1
15 3260 1
15 3262 1
15 3264 6
15 3265 1
15 3272 1
15 3276 1
15 3279 1
15 3287 1
15 3291 5
15 3319 1
15 3321 1
15 3322 1
15 3333 1
15 3360 3
15 3361 3
15 3370 2
15 3376 1
15 3386 1
15 3412 1
15 3413 1
15 3416 1
15 3467 3
15 3480 1
15 3481 1
15 3498 1
15 3500 1
15 3520 1
15 3523 1
15 3525 1
15 3531 1
15 3532 1
15 3535 1
15 3545 2
15 3561 2
15 3562 1
15 3564 1
15 3570 2
15 3580 1
15 3588 1
15 3644 1
15 3668 2
15 3684 1
15 3691 1
15 3695 3
15 3703 1
15 3722 2
15 3725 1
15 3733 1
15 3744 1
15 3780 1
15 3782 1
15 3795 2
15 3843 1
15 3844 1
15 3846 1
15 3849 1
15 3851 2
15 3855 1
15 3883 1
15 3888 1
15 3890 2
15 3899 1
15 3924 1
15 3925 1
15 3931 3
15 3960 5
15 3962 1
15 3975 2
15 3983 4
15 3993 2
15 3997 2
15 3999 1
15 4017 1
15 4020 1
15 4036 1
15 4055 1
15 4057 3
15 4091 2
15 4100 3
15 4124 1
15 4132 4
15 4134 1
15 4141 1
15 4143 1
15 4161 1
15 4163 1
15 4175 2
15 4192 1
15 4214 2
15 4243 1
15 4260 1
15 4287 1
15 4296 1
15 4331 6
15 4332 1
15 4354 1
15 4398 1
15 4433 2
15 4434 1
15 4480 1
15 4489 2
15 4491 1
15 4493 2
15 4495 1
15 4505 1
15 4516 1
15 4525 2
15 4526 1
15 4555 1
15 4561 2
15 4577 2
15 4600 2
15 4601 1
15 4605 2
15 4633 1
15 4719 1
15 4729 1
15 4731 1
15 4740 1
15 4775 1
15 4778 4
15 4782 1
15 4784 1
15 4799 1
15 4800 1
15 4801 5
15 4816 1
15 4827 1
15 4835 1
15 4838 4
15 4839 1
15 4858 1
15 4859 1
15 4877 4
15 4882 1
15 4892 1
15 4916 1
15 4925 1
15 4930 1
15 4941 1
15 4988 2
16 10 1
16 12 1
16 24 1
16 37 3
16 39 2
16 48 2
16 59 1
16 60 2
16 61 8
16 62 2
16 66 3
16 68 2
16 84 1
16 98 1
16 102 1
16 105 1
16 109 1
16 113 1
16 116 1
16 127 2
16 171 1
16 191 2
16 194 1
16 203 1
16 204 1
16 206 1
16 223 1
16 227 1
16 229 1
16 232 2
16 233 1
16 239 1
16 247 4
16 248 2
16 250 1
16 263 2
16 268 1
16 273 1
16 286 1
16 305 1
16 309 1
16 322 3
16 323 1
16 328 3
16 347 2
16 350 1
16 356 1
16 357 1
16 358 4
16 363 3
16 374 1
16 375 2
16 404 1
16 406 1
16 409 1
16 410 1
16 420 1
16 427 1
16 447 2
16 448 2
16 449 2
16 453 1
16 455 1
16 460 1
16 471 5
16 475 7
16 484 1
16 486 1
16 491 1
16 493 1
16 498 2
16 508 5
16 511 1
16 522 1
16 524 1
16 525 1
16 532 1
16 537 3
16 539 2
16 544 1
16 546 1
16 554 3
16 560 1
16 562 1
16 566 1
16 573 1
16 580 1
16 611 1
16 613 1
16 617 1
16 618 4
16 621 1
16 622 1
16 623 2
16 624 1
16 627 1
16 628 1
16 629 1
16 630 1
16 654 1
16 655 1
16 660 1
16 668 2
16 675 1
16 679 1
16 684 1
16 685 1
16 687 1
16 692 3
16 693 2
16 702 1
16 703 2
16 708 1
16 709 1
16 714 1
16 735 1
16 747 1
16 754 1
16 756 5
16 763 2
16 768 1
16 773 2
16 776 2
16 783 1
16 789 18
16 798 1
16 811 3
16 812 1
16 817 4
16 820 1
16 828 1
16 834 1
16 852 3
16 863 1
16 889 1
16 903 1
16 913 1
16 915 1
16 939 1
16 943 1
16 968 1
16 974 1
16 977 2
16 980 1
16 994 1
16 997 3
16 1002 1
16 1004 1
16 1006 4
16 1019 1
16 1020 1
16 1028 1
16 1037 1
16 1038 4
16 1041 2
16 1050 1
16 1056 18
16 1070 1
16 1076 1
16 1080 1
16 1093 1
16 1094 1
16 1128 1
16 1135 1
16 1151 1
16 1157 1
16 1197 1
16 1198 1
16 1203 1
16 1206 4
16 1208 4
16 1209 3
16 1220 4
16 1225 4
16 1226 2
16 1228 1
16 1234 2
16 1235 1
16 1236 2
16 1239 1
16 1250 1
16 1265 1
16 1268 1
16 1275 5
16 1281 1
16 1282 1
16 1291 3
16 1292 1
16 1293 1
16 1306 1
16 1311 2
16 1317 7
16 1323 2
16 1325 7
16 1328 1
16 1346 6
16 1357 7
16 1362 2
16 1363 1
16 1364 2
16 1383 1
16 1404 1
16 1405 10
16 1411 1
16 1412 5
16 1413 1
16 1414 1
16 1426 1
16 1437 2
16 1455 1
16 1459 1
16 1465 1
16 1467 1
16 1470 1
16 1472 1
16 1475 1
16 1479 1
16 1500 2
16 1501 1
16 1526 1
16 1527 1
16 1529 1
16 1531 1
16 1539 2
16 1540 2
16 1554 1
16 1583 1
16 1587 1
16 1593 2
16 1595 1
16 1597 1
16 1598 1
16 1608 1
16 1637 1
16 1639 2
16 1666 1
16 1676 1
16 1677 2
16 1690 3
16 1704 2
16 1707 4
16 1737 1
16 1742 2
16 1746 1
16 1760 1
16 1765 1
16 1766 1
16 1768 1
16 1769 1
16 1779 1
16 1784 1
16 1786 2
16 1790 1
16 1796 3
16 1798 1
16 1802 3
16 1803 3
16 1804 1
16 1805 5
16 1806 1
16 1808 1
16 1810 1
16 1815 1
16 1824 2
16 1838 4
16 1848 1
16 1851 1
16 1856 8
16 1859 2
16 1863 1
16 1875 1
16 1887 5
16 1897 1
16 1902 2
16 1903 1
16 1908 1
16 1910 2
16 1914 2
16 1916 1
16 1918 9
16 1920 2
16 1924 10
16 1930 19
16 1932 1
16 1945 4
16 1946 1
16 1956 12
16 1964 1
16 1986 2
16 1987 2
16 1992 1
16 1994 1
16 1998 1
16 2000 1
16 2008 1
16 2012 2
16 2014 1
16 2018 2
16 2050 1
16 2054 8
16 2059 1
16 2062 3
16 2070 1
16 2072 1
16 2073 1
16 2075 1
16 2077 1
16 2082 3
16 2086 1
16 2087 2
16 2093 1
16 2096 1
16 2097 2
16 2099 1
16 2100 1
16 2101 2
16 2103 2
16 2110 1
16 2115 1
16 2132 1
16 2136 1
16 2141 1
16 2147 21
16 2150 42
16 2151 1
16 2152 2
16 2153 9
16 2155 1
16 2159 1
16 2160 2
16 2163 2
16 2170 1
16 2177 7
16 2189 1
16 2207 1
16 2216 3
16 2218 2
16 2219 1
16 2222 1
16 2225 1
16 2227 1
16 2231 1
16 2245 1
16 2247 1
16 2249 1
16 2250 1
16 2263 1
16 2264 1
16 2266 1
16 2272 1
16 2276 3
16 2277 1
16 2281 1
16 2285 1
16 2293 3
16 2305 1
16 2323 1
16 2325 4
16 2346 1
16 2347 3
16 2360 1
16 2361 1
16 2364 10
16 2371 1
16 2373 3
16 2374 2
16 2377 1
16 2383 2
16 2384 2
16 2385 6
16 2391 1
16 2394 1
16 2396 8
16 2403 6
16 2407 1
16 2408 2
16 2411 5
16 2415 4
16 2416 1
16 2429 1
16 2431 1
16 2433 1
16 2434 9
16 2436 2
16 2437 1
16 2445 3
16 2447 1
16 2451 2
16 2453 1
16 2465 1
16 2488 1
16 2492 1
16 2494 2
16 2503 4
16 2504 2
16 2506 6
16 2511 1
16 2531 1
16 2541 1
16 2543 1
16 2544 1
16 2545 3
16 2549 2
16 2550 1
16 2551 1
16 2554 1
16 2563 1
16 2572 1
16 2577 3
16 2581 1
16 2590 1
16 2591 2
16 2592 4
16 2608 1
16 2610 1
16 2616 1
16 2630 1
16 2632 2
16 2636 1
16 2637 1
16 2650 1
16 2655 1
16 2660 1
16 2673 1
16 2678 1
16 2680 1
16 2681 4
16 2682 1
16 2689 5
16 2693 1
16 2696 1
16 2703 4
16 2705 1
16 2710 1
16 2718 1
16 2729 1
16 2736 1
16 2739 5
16 2740 2
16 2741 3
16 2747 2
16 2748 3
16 2749 1
16 2750 1
16 2753 1
16 2754 1
16 2769 3
16 2774 1
16 2783 1
16 2792 1
16 2795 2
16 2797 1
16 2804 2
16 2808 1
16 2821 1
16 2825 1
16 2836 3
16 2837 1
16 2841 1
16 2854 1
16 2855 1
16 2884 2
16 2887 1
16 2889 2
16 2892 1
16 2893 1
16 2920 1
16 2923 2
16 2924 2
16 2933 1
16 2936 2
16 2937 3
16 2939 1
16 2940 1
16 2949 1
16 2958 1
16 2959 1
16 2962 1
16 2977 1
16 2978 1
16 2992 1
16 3009 4
16 3011 1
16 3018 1
16 3026 1
16 3027 2
16 3029 6
16 3031 1
16 3032 5
16 3033 1
16 3036 2
16 3038 1
16 3039 1
16 3048 1
16 3054 1
16 3057 2
16 3060 1
16 3078 1
16 3079 2
16 3080 1
16 3082 4
16 3085 2
16 3098 1
16 3101 1
16 3103 1
16 3105 2
16 3107 1
16 3133 1
16 3140 2
16 3141 2
16 3145 1
16 3147 1
16 3149 1
16 3150 1
16 3162 2
16 3163 2
16 3168 1
16 3169 1
16 3184 2
16 3188 4
16 3189 2
16 3190 1
16 3193 1
16 3200 1
16 3201 1
16 3205 1
16 3206 1
16 3211 1
16 3212 1
16 3217 1
16 3219 1
16 3230 2
16 3234 1
16 3248 1
16 3253 1
16 3255 1
16 3258 1
16 3269 2
16 3277 1
16 3285 4
16 3287 5
16 3288 2
16 3291 8
16 3298 3
16 3309 1
16 3316 1
16 3317 1
16 3331 1
16 3333 2
16 3349 1
16 3350 1
16 3352 1
16 3354 1
16 3356 1
16 3370 1
16 3381 1
16 3383 2
16 3384 1
16 3388 2
16 3406 1
16 3412 1
16 3413 1
16 3414 1
16 3416 1
16 3417 5
16 3420 1
16 3425 1
16 3426 1
16 3429 1
16 3443 1
16 3448 1
16 3451 1
16 3465 2
16 3477 1
16 3481 2
16 3487 1
16 3499 2
16 3500 2
16 3502 1
16 3503 1
16 3505 1
16 3516 1
16 3517 1
16 3525 1
16 3527 1
16 3544 1
16 3546 1
16 3561 1
16 3562 1
16 3568 2
16 3570 1
16 3574 2
16 3575 1
16 3576 1
16 3579 4
16 3584 1
16 3588 1
16 3591 1
16 3593 2
16 3597 1
16 3609 3
16 3613 1
16 3615 1
16 3621 1
16 3622 4
16 3628 1
16 3629 1
16 3646 1
16 3653 4
16 3667 3
16 3680 1
16 3687 1
16 3688 1
16 3694 1
16 3695 7
16 3705 2
16 3707 7
16 3716 1
16 3719 2
16 3720 6
16 3722 1
16 3723 7
16 3752 1
16 3753 1
16 3770 8
16 3772 1
16 3783 1
16 3788 2
16 3792 2
16 3801 3
16 3809 3
16 3819 1
16 3821 8
16 3825 1
16 3828 1
16 3830 2
16 3836 1
16 3838 1
16 3843 7
16 3847 1
16 3851 3
16 3855 3
16 3863 1
16 3864 1
16 3881 1
16 3882 1
16 3887 65
16 3893 1
16 3895 1
16 3898 1
16 3905 4
16 3910 2
16 3914 1
16 3916 1
16 3919 1
16 3928 1
16 3935 1
16 3945 1
16 3951 1
16 3955 3
16 3960 4
16 3965 1
16 3966 1
16 3967 3
16 3968 3
16 3975 6
16 3982 1
16 3984 1
16 3991 1
16 3992 1
16 3993 5
16 3997 4
16 4009 1
16 4010 2
16 4017 1
16 4018 1
16 4020 2
16 4021 1
16 4027 1
16 4032 1
16 4034 1
16 4038 1
16 4040 1
16 4051 1
16 4054 2
16 4055 2
16 4056 1
16 4057 1
16 4059 1
16 4073 2
16 4075 1
16 4079 1
16 4083 1
16 4089 1
16 4092 2
16 4094 1
16 4095 5
16 4105 1
16 4111 1
16 4117 2
16 4122 1
16 4132 1
16 4134 10
16 4138 1
16 4151 1
16 4152 1
16 4156 2
16 4157 1
16 4174 1
16 4192 4
16 4193 1
16 4201 1
16 4205 2
16 4208 2
16 4224 3
16 4232 1
16 4236 1
16 4239 1
16 4241 1
16 4248 1
16 4249 2
16 4253 1
16 4256 6
16 4272 1
16 4273 3
16 4277 1
16 4286 2
16 4287 1
16 4288 2
16 4291 3
16 4297 2
16 4313 1
16 4321 1
16 4329 1
16 4335 7
16 4338 1
16 4346 2
16 4371 1
16 4372 4
16 4374 1
16 4377 3
16 4378 1
16 4406 4
16 4408 1
16 4410 2
16 4425 1
16 4437 1
16 4443 1
16 4467 1
16 4474 1
16 4478 1
16 4494 1
16 4498 2
16 4504 1
16 4526 1
16 4536 1
16 4537 1
16 4540 3
16 4543 1
16 4545 2
16 4546 2
16 4558 1
16 4560 1
16 4569 2
16 4581 1
16 4583 1
16 4588 1
16 4591 1
16 4602 1
16 4613 1
16 4615 1
16 4620 1
16 4634 1
16 4642 1
16 4654 1
16 4656 1
16 4667 2
16 4668 1
16 4670 3
16 4671 1
16 4672 1
16 4675 1
16 4679 1
16 4681 1
16 4682 6
16 4696 1
16 4697 2
16 4701 1
16 4702 1
16 4703 1
16 4704 2
16 4708 3
16 4709 1
16 4719 5
16 4721 6
16 4727 1
16 4728 5
16 4737 1
16 4741 1
16 4742 1
16 4743 3
16 4751 3
16 4754 6
16 4764 1
16 4766 2
16 4767 2
16 4776 8
16 4787 1
16 4794 2
16 4795 1
16 4798 1
16 4799 1
16 4801 1
16 4813 1
16 4817 1
16 4825 1
16 4826 1
16 4827 1
16 4828 2
16 4835 1
16 4838 13
16 4839 6
16 4842 2
16 4848 1
16 4849 1
16 4853 2
16 4858 1
16 4877 2
16 4880 1
16 4885 1
16 4897 1
16 4898 1
16 4908 1
16 4939 2
16 4940 2
16 4946 1
16 4948 4
16 4955 1
16 4970 1
16 4971 2
16 4972 1
16 4973 1
16 4984 1
16 4987 5
17 153 1
17 222 1
17 228 1
17 229 4
17 236 1
17 273 1
17 289 1
17 321 1
17 351 1
17 366 1
17 386 1
17 389 1
17 415 1
17 423 1
17 444 1
17 447 1
17 448 1
17 494 1
17 557 2
17 644 1
17 659 1
17 684 1
17 745 1
17 789 1
17 812 1
17 823 1
17 824 1
17 846 1
17 913 1
17 979 2
17 1003 2
17 1006 2
17 1021 4
17 1102 1
17 1109 1
17 1174 1
17 1187 2
17 1194 1
17 1208 1
17 1264 1
17 1265 1
17 1274 1
17 1292 1
17 1349 1
17 1406 1
17 1494 1
17 1496 1
17 1887 4
17 1902 1
17 1924 2
17 1928 3
17 1956 6
17 1999 1
17 2061 1
17 2097 1
17 2109 1
17 2168 1
17 2233 1
17 2244 1
17 2260 1
17 2433 1
17 2434 1
17 2457 1
17 2474 1
17 2476 1
17 2517 3
17 2520 3
17 2599 1
17 2649 1
17 2665 1
17 2666 1
17 2683 1
17 2705 1
17 2789 1
17 2804 1
17 2865 2
17 2955 1
17 2959 1
17 2961 1
17 3033 1
17 3107 1
17 3177 1
17 3222 1
17 3289 1
17 3291 3
17 3292 1
17 3366 1
17 3378 1
17 3383 1
17 3416 1
17 3417 1
17 3498 1
17 3500 1
17 3527 1
17 3670 1
17 3722 1
17 3729 1
17 3748 1
17 3851 4
17 3877 1
17 3912 1
17 3975 1
17 3985 1
17 3992 1
17 3998 1
17 4019 1
17 4039 1
17 4079 1
17 4094 5
17 4097 1
17 4139 1
17 4140 1
17 4180 1
17 4184 1
17 4214 1
17 4269 1
17 4301 1
17 4341 1
17 4349 3
17 4357 2
17 4363 1
17 4366 1
17 4436 3
17 4467 2
17 4471 1
17 4493 2
17 4516 1
17 4529 1
17 4566 2
17 4568 1
17 4605 1
17 4640 1
17 4648 1
17 4776 1
17 4778 2
17 4779 1
17 4801 1
17 4831 1
17 4838 8
17 4939 1
17 4952 2
17 4967 1
18 2 1
18 6 1
18 13 1
18 16 15
18 21 1
18 23 1
18 29 1
18 32 1
18 58 1
18 60 1
18 61 1
18 64 2
18 68 1
18 71 1
18 85 1
18 90 1
18 92 1
18 101 1
18 110 1
18 114 1
18 124 1
18 127 1
18 129 1
18 131 1
18 132 1
18 142 1
18 152 1
18 167 1
18 170 1
18 178 1
18 181 2
18 183 1
18 184 2
18 185 10
18 189 1
18 192 1
18 196 1
18 204 1
18 214 1
18 215 1
18 217 1
18 222 1
18 225 1
18 226 1
18 228 2
18 229 1
18 235 1
18 236 2
18 245 1
18 247 4
18 263 1
18 264 1
18 267 1
18 271 3
18 272 1
18 273 4
18 294 2
18 302 1
18 303 1
18 307 2
18 308 1
18 309 1
18 322 1
18 330 1
18 334 1
18 348 1
18 358 1
18 362 1
18 385 1
18 390 2
18 396 1
18 398 1
18 401 1
18 407 1
18 412 2
18 419 1
18 423 3
18 425 2
18 429 2
18 437 1
18 443 1
18 446 1
18 448 1
18 451 1
18 461 1
18 464 1
18 467 1
18 475 4
18 481 1
18 483 1
18 489 1
18 491 2
18 500 1
18 502 1
18 505 1
18 508 5
18 514 1
18 534 1
18 546 3
18 549 1
18 554 2
18 558 1
18 559 1
18 563 2
18 564 1
18 571 1
18 585 1
18 591 2
18 593 3
18 596 1
18 597 1
18 607 3
18 610 1
18 611 1
18 614 1
18 615 1
18 616 1
18 618 1
18 623 1
18 625 1
18 628 1
18 645 1
18 646 1
18 647 1
18 648 1
18 651 1
18 657 1
18 658 1
18 659 1
18 663 1
18 665 1
18 671 1
18 677 5
18 678 1
18 685 1
18 691 1
18 700 2
18 705 1
18 714 2
18 715 1
18 721 1
18 734 1
18 735 1
18 736 1
18 739 3
18 740 1
18 742 1
18 748 1
18 764 1
18 768 2
18 769 2
18 771 1
18 773 2
18 777 1
18 778 1
18 781 2
18 783 1
18 785 1
18 789 3
18 808 1
18 811 1
18 812 1
18 817 1
18 819 2
18 820 4
18 821 1
18 822 1
18 829 1
18 838 2
18 840 1
18 849 2
18 852 1
18 857 1
18 858 1
18 859 1
18 860 1
18 861 1
18 874 1
18 890 3
18 894 2
18 907 1
18 908 1
18 913 1
18 916 1
18 920 1
18 929 1
18 938 1
18 939 2
18 940 1
18 943 1
18 952 2
18 954 1
18 955 1
18 959 1
18 961 1
18 963 2
18 968 1
18 969 1
18 991 1
18 1001 1
18 1004 2
18 1005 1
18 1006 9
18 1010 1
18 1026 1
18 1032 1
18 1040 2
18 1052 1
18 1056 5
18 1060 1
18 1068 1
18 1076 1
18 1080 2
18 1093 1
18 1099 1
18 1110 1
18 1122 1
18 1151 1
18 1158 1
18 1161 2
18 1165 1
18 1168 1
18 1171 3
18 1173 1
18 1181 1
18 1204 1
18 1206 2
18 1211 1
18 1220 2
18 1222 1
18 1226 1
18 1234 4
18 1236 1
18 1243 2
18 1245 2
18 1249 2
18 1257 1
18 1258 1
18 1260 1
18 1261 3
18 1264 4
18 1265 6
18 1266 1
18 1271 1
18 1276 1
18 1282 1
18 1288 1
18 1290 1
18 1291 1
18 1292 3
18 1294 1
18 1296 1
18 1298 4
18 1304 1
18 1308 1
18 1314 1
18 1316 1
18 1317 1
18 1321 3
18 1322 1
18 1323 1
18 1325 6
18 1327 1
18 1330 1
18 1333 2
18 1346 3
18 1348 1
18 1355 1
18 1357 2
18 1359 1
18 1362 1
18 1363 2
18 1368 1
18 1369 1
18 1370 4
18 1375 1
18 1377 2
18 1378 1
18 1380 1
18 1381 4
18 1382 1
18 1383 1
18 1385 1
18 1396 2
18 1401 2
18 1405 5
18 1407 1
18 1424 1
18 1431 1
18 1434 1
18 1441 8
18 1446 1
18 1452 1
18 1453 1
18 1454 1
18 1468 1
18 1472 1
18 1477 1
18 1480 2
18 1486 1
18 1487 1
18 1488 35
18 1489 1
18 1499 1
18 1504 1
18 1505 1
18 1509 1
18 1510 5
18 1511 1
18 1523 13
18 1525 1
18 1529 1
18 1531 1
18 1533 1
18 1541 1
18 1553 1
18 1560 1
18 1561 1
18 1566 2
18 1569 1
18 1571 3
18 1589 1
18 1590 1
18 1592 4
18 1608 2
18 1615 1
18 1617 1
18 1632 1
18 1633 1
18 1638 2
18 1639 1
18 1651 7
18 1663 1
18 1664 1
18 1665 1
18 1670 1
18 1673 1
18 1677 1
18 1679 1
18 1690 1
18 1691 1
18 1692 3
18 1693 2
18 1694 1
18 1707 3
18 1709 1
18 1711 1
18 1737 2
18 1739 1
18 1742 3
18 1744 1
18 1746 1
18 1753 1
18 1755 1
18 1757 1
18 1764 1
18 1765 1
18 1767 2
18 1770 1
18 1781 1
18 1785 1
18 1793 2
18 1799 2
18 1803 1
18 1806 2
18 1821 1
18 1825 1
18 1835 1
18 1836 1
18 1837 3
18 1838 1
18 1839 1
18 1841 1
18 1846 1
18 1847 2
18 1856 3
18 1857 3
18 1858 1
18 1862 1
18 1875 1
18 1882 1
18 1885 2
18 1887 2
18 1888 4
18 1891 1
18 1899 1
18 1902 1
18 1903 4
18 1904 1
18 1905 2
18 1906 1
18 1908 1
18 1910 1
18 1924 1
18 1940 1
18 1955 1
18 1956 7
18 1961 3
18 1965 1
18 1966 1
18 1967 1
18 1974 1
18 1976 2
18 1987 3
18 1993 3
18 1996 1
18 2005 1
18 2009 1
18 2011 1
18 2012 3
18 2015 1
18 2017 1
18 2018 2
18 2036 1
18 2038 1
18 2040 1
18 2044 2
18 2049 1
18 2050 1
18 2066 1
18 2073 2
18 2080 1
18 2082 2
18 2083 3
18 2084 4
18 2086 2
18 2087 1
18 2089 1
18 2105 1
18 2106 1
18 2109 1
18 2112 1
18 2113 1
18 2116 1
18 2127 2
18 2129 1
18 2131 1
18 2133 1
18 2134 1
18 2135 1
18 2137 1
18 2138 1
18 2140 1
18 2144 1
18 2155 1
18 2175 1
18 2177 1
18 2179 1
18 2193 1
18 2196 1
18 2198 1
18 2203 1
18 2205 1
18 2206 1
18 2210 1
18 2211 2
18 2212 1
18 2216 1
18 2218 3
18 2223 1
18 2225 1
18 2228 1
18 2236 1
18 2248 1
18 2256 1
18 2262 2
18 2272 2
18 2276 5
18 2291 1
18 2293 2
18 2295 1
18 2299 2
18 2311 1
18 2316 2
18 2322 2
18 2325 4
18 2335 1
18 2336 1
18 2358 1
18 2359 1
18 2364 1
18 2366 1
18 2367 1
18 2376 1
18 2385 1
18 2386 1
18 2388 2
18 2389 1
18 2390 1
18 2391 2
18 2395 1
18 2396 2
18 2399 1
18 2409 1
18 2410 1
18 2414 1
18 2415 1
18 2418 1
18 2425 1
18 2429 2
18 2434 1
18 2436 1
18 2451 2
18 2453 1
18 2454 1
18 2457 1
18 2465 1
18 2466 1
18 2470 1
18 2475 2
18 2479 1
18 2480 1
18 2488 1
18 2491 1
18 2494 1
18 2496 1
18 2503 1
18 2504 1
18 2507 1
18 2510 1
18 2513 4
18 2514 1
18 2518 1
18 2519 9
18 2527 1
18 2529 1
18 2532 1
18 2545 5
18 2546 1
18 2547 1
18 2549 1
18 2550 1
18 2551 1
18 2552 1
18 2558 1
18 2564 1
18 2577 2
18 2592 3
18 2605 1
18 2611 1
18 2621 1
18 2622 2
18 2623 1
18 2625 1
18 2629 1
18 2633 1
18 2634 1
18 2636 1
18 2650 2
18 2659 1
18 2681 1
18 2687 1
18 2690 1
18 2694 1
18 2705 1
18 2706 1
18 2707 1
18 2723 1
18 2726 1
18 2731 1
18 2736 1
18 2737 2
18 2754 1
18 2758 1
18 2766 1
18 2775 1
18 2779 1
18 2782 1
18 2792 1
18 2798 1
18 2812 4
18 2813 2
18 2814 2
18 2826 1
18 2837 1
18 2841 1
18 2853 1
18 2854 1
18 2856 1
18 2861 1
18 2862 1
18 2866 1
18 2882 1
18 2896 1
18 2897 1
18 2905 1
18 2910 2
18 2914 1
18 2919 1
18 2923 5
18 2926 1
18 2928 1
18 2936 2
18 2937 4
18 2942 1
18 2944 1
18 2958 1
18 2961 6
18 2981 5
18 2986 1
18 2987 1
18 2988 2
18 2993 1
18 2995 1
18 2996 1
18 2998 1
18 3009 1
18 3014 1
18 3026 4
18 3027 3
18 3028 1
18 3029 2
18 3033 1
18 3036 1
18 3039 1
18 3052 1
18 3078 2
18 3079 1
18 3089 1
18 3093 2
18 3100 1
18 3102 2
18 3103 4
18 3114 2
18 3116 1
18 3117 1
18 3118 1
18 3127 1
18 3139 2
18 3140 1
18 3142 2
18 3146 3
18 3147 1
18 3149 1
18 3151 1
18 3159 1
18 3160 1
18 3162 3
18 3163 1
18 3164 1
18 3170 1
18 3171 1
18 3172 2
18 3174 1
18 3178 5
18 3181 1
18 3185 1
18 3187 1
18 3191 1
18 3192 1
18 3194 1
18 3195 1
18 3196 1
18 3198 1
18 3201 2
18 3202 1
18 3203 1
18 3206 1
18 3210 4
18 3220 1
18 3221 2
18 3228 2
18 3229 1
18 3232 1
18 3233 1
18 3235 1
18 3236 1
18 3244 1
18 3245 1
18 3246 2
18 3247 1
18 3248 2
18 3253 1
18 3265 2
18 3268 2
18 3271 1
18 3275 1
18 3282 1
18 3291 4
18 3295 1
18 3296 1
18 3297 1
18 3298 6
18 3302 2
18 3305 2
18 3309 3
18 3312 1
18 3317 1
18 3323 1
18 3324 1
18 3333 6
18 3345 1
18 3347 1
18 3361 1
18 3363 1
18 3367 1
18 3368 1
18 3370 2
18 3371 1
18 3374 12
18 3376 1
18 3381 1
18 3386 1
18 3388 2
18 3389 1
18 3395 1
18 3399 1
18 3409 1
18 3416 2
18 3417 2
18 3427 1
18 3428 1
18 3429 1
18 3430 2
18 3431 2
18 3438 1
18 3439 1
18 3440 1
18 3443 2
18 3448 1
18 3460 1
18 3463 1
18 3465 1
18 3467 1
18 3470 1
18 3481 2
18 3489 1
18 3499 15
18 3500 6
18 3509 1
18 3523 1
18 3524 3
18 3525 4
18 3526 1
18 3561 3
18 3579 2
18 3582 1
18 3588 3
18 3602 1
18 3603 1
18 3618 1
18 3619 1
18 3622 1
18 3623 1
18 3625 1
18 3626 2
18 3628 1
18 3629 1
18 3630 1
18 3649 1
18 3656 1
18 3659 2
18 3660 1
18 3674 2
18 3675 1
18 3676 1
18 3679 1
18 3695 7
18 3696 3
18 3715 2
18 3717 1
18 3719 1
18 3720 2
18 3722 7
18 3723 1
18 3728 1
18 3729 1
18 3730 1
18 3731 1
18 3736 1
18 3739 1
18 3740 1
18 3748 1
18 3749 1
18 3751 1
18 3755 1
18 3756 1
18 3781 5
18 3782 3
18 3783 1
18 3786 1
18 3798 1
18 3801 2
18 3802 1
18 3807 1
18 3808 1
18 3809 1
18 3811 1
18 3815 1
18 3827 1
18 3832 1
18 3833 1
18 3835 1
18 3836 1
18 3837 1
18 3841 1
18 3842 1
18 3851 3
18 3859 2
18 3861 1
18 3871 1
18 3884 1
18 3887 2
18 3897 2
18 3902 1
18 3906 1
18 3907 1
18 3912 3
18 3913 1
18 3914 2
18 3942 1
18 3943 2
18 3947 1
18 3950 1
18 3953 2
18 3960 2
18 3964 1
18 3965 1
18 3967 1
18 3970 1
18 3971 1
18 3974 1
18 3975 1
18 3980 1
18 3981 1
18 3982 1
18 3985 2
18 3992 1
18 3997 2
18 4002 1
18 4010 1
18 4014 1
18 4017 1
18 4018 1
18 4020 2
18 4022 1
18 4026 1
18 4032 2
18 4037 3
18 4050 1
18 4054 1
18 4055 2
18 4056 1
18 4057 4
18 4066 1
18 4071 1
18 4073 1
18 4077 1
18 4081 1
18 4084 1
18 4085 1
18 4087 1
18 4094 2
18 4100 6
18 4101 1
18 4104 3
18 4105 3
18 4106 1
18 4107 1
18 4113 1
18 4115 2
18 4133 1
18 4134 4
18 4135 1
18 4138 1
18 4156 2
18 4157 1
18 4159 1
18 4161 3
18 4162 1
18 4163 4
18 4171 2
18 4172 1
18 4173 1
18 4176 1
18 4183 1
18 4185 1
18 4192 9
18 4200 1
18 4204 1
18 4205 2
18 4214 1
18 4216 1
18 4221 2
18 4224 1
18 4227 1
18 4229 2
18 4230 3
18 4235 2
18 4240 1
18 4241 1
18 4242 2
18 4243 1
18 4244 1
18 4247 1
18 4259 1
18 4264 1
18 4265 1
18 4267 1
18 4268 1
18 4278 1
18 4279 1
18 4280 1
18 4283 1
18 4285 3
18 4286 1
18 4287 2
18 4288 2
18 4289 2
18 4293 2
18 4295 2
18 4298 1
18 4303 1
18 4312 1
18 4313 1
18 4316 1
18 4317 1
18 4325 1
18 4331 3
18 4332 1
18 4337 1
18 4344 1
18 4345 1
18 4350 2
18 4356 2
18 4357 1
18 4363 1
18 4371 2
18 4372 4
18 4374 2
18 4376 1
18 4379 1
18 4396 1
18 4403 1
18 4405 1
18 4406 2
18 4415 1
18 4416 2
18 4419 1
18 4420 1
18 4421 1
18 4424 1
18 4430 1
18 4432 1
18 4437 1
18 4451 1
18 4455 1
18 4456 1
18 4459 1
18 4467 1
18 4469 1
18 4471 1
18 4474 1
18 4479 1
18 4484 1
18 4485 1
18 4495 1
18 4497 1
18 4501 1
18 4507 1
18 4508 1
18 4514 1
18 4516 3
18 4523 1
18 4532 1
18 4534 1
18 4540 2
18 4548 1
18 4549 1
18 4558 1
18 4559 1
18 4570 1
18 4572 1
18 4574 1
18 4575 2
18 4577 2
18 4585 1
18 4595 1
18 4596 13
18 4597 1
18 4598 1
18 4605 3
18 4612 3
18 4614 1
18 4616 1
18 4617 1
18 4622 2
18 4624 10
18 4625 1
18 4627 2
18 4632 1
18 4636 1
18 4643 1
18 4648 1
18 4650 1
18 4653 1
18 4663 1
18 4672 2
18 4679 1
18 4682 1
18 4683 1
18 4685 2
18 4697 2
18 4700 1
18 4701 1
18 4708 3
18 4719 2
18 4722 2
18 4723 1
18 4724 1
18 4725 1
18 4726 1
18 4729 1
18 4730 1
18 4738 1
18 4750 1
18 4751 2
18 4756 2
18 4769 1
18 4776 8
18 4778 1
18 4787 1
18 4797 1
18 4799 3
18 4801 7
18 4802 1
18 4813 1
18 4819 1
18 4828 4
18 4832 1
18 4838 15
18 4839 3
18 4840 4
18 4844 1
18 4849 3
18 4851 2
18 4852 1
18 4853 1
18 4857 1
18 4861 1
18 4864 2
18 4865 1
18 4868 1
18 4872 1
18 4874 2
18 4875 1
18 4881 1
18 4883 1
18 4886 1
18 4887 1
18 4889 1
18 4898 1
18 4899 1
18 4901 3
18 4902 1
18 4904 1
18 4922 1
18 4923 1
18 4924 1
18 4927 1
18 4928 1
18 4930 1
18 4931 1
18 4933 2
18 4942 1
18 4943 1
18 4948 2
18 4954 5
18 4955 1
18 4958 3
18 4962 1
18 4963 1
18 4964 2
18 4965 1
18 4971 1
18 4972 3
18 4983 2
18 4987 1
18 4989 1
18 4994 1
19 2 1
19 28 1
19 127 1
19 182 1
19 210 2
19 227 1
19 229 2
19 239 1
19 273 1
19 281 1
19 288 1
19 297 1
19 316 1
19 317 1
19 320 1
19 327 1
19 360 3
19 366 1
19 405 2
19 421 1
19 425 2
19 438 1
19 439 1
19 440 6
19 447 1
19 458 1
19 507 1
19 508 1
19 509 4
19 513 1
19 523 2
19 544 2
19 546 1
19 553 1
19 554 1
19 560 1
19 572 1
19 573 3
19 593 1
19 601 6
19 639 1
19 682 6
19 756 1
19 768 1
19 783 3
19 789 6
19 791 1
19 817 3
19 882 2
19 913 4
19 938 1
19 951 1
19 952 4
19 967 1
19 977 1
19 992 1
19 1031 1
19 1038 1
19 1044 2
19 1045 2
19 1046 1
19 1056 2
19 1070 1
19 1071 1
19 1099 1
19 1161 1
19 1163 1
19 1177 1
19 1184 1
19 1199 1
19 1206 1
19 1209 13
19 1240 1
19 1241 5
19 1243 1
19 1259 1
19 1260 2
19 1265 1
19 1267 1
19 1292 3
19 1293 1
19 1298 1
19 1299 1
19 1313 1
19 1315 1
19 1346 1
19 1354 3
19 1362 1
19 1363 19
19 1364 3
19 1392 1
19 1405 2
19 1445 1
19 1467 7
19 1493 12
19 1500 2
19 1515 7
19 1546 1
19 1548 4
19 1549 1
19 1551 3
19 1580 1
19 1583 1
19 1596 1
19 1614 1
19 1615 3
19 1690 1
19 1697 2
19 1711 2
19 1718 1
19 1764 1
19 1769 1
19 1796 1
19 1806 1
19 1909 1
19 1910 1
19 1956 3
19 1993 1
19 2008 2
19 2010 2
19 2012 2
19 2018 1
19 2034 1
19 2043 1
19 2054 1
19 2056 1
19 2070 1
19 2142 1
19 2165 1
19 2174 1
19 2176 1
19 2177 2
19 2194 1
19 2218 3
19 2253 1
19 2266 1
19 2276 1
19 2293 1
19 2326 1
19 2352 1
19 2396 1
19 2403 7
19 2405 3
19 2406 2
19 2435 1
19 2482 1
19 2484 6
19 2492 1
19 2493 1
19 2494 3
19 2495 2
19 2506 1
19 2508 3
19 2547 1
19 2550 1
19 2562 1
19 2593 2
19 2623 1
19 2635 1
19 2645 2
19 2657 2
19 2670 1
19 2671 1
19 2691 1
19 2703 1
19 2709 8
19 2722 1
19 2739 1
19 2747 2
19 2749 2
19 2767 13
19 2768 1
19 2804 1
19 2831 15
19 2841 1
19 2857 2
19 2859 3
19 2860 2
19 2894 1
19 2896 1
19 2925 1
19 2993 1
19 3012 1
19 3013 2
19 3022 1
19 3026 2
19 3070 1
19 3091 1
19 3094 1
19 3100 1
19 3132 1
19 3140 1
19 3160 30
19 3186 1
19 3189 1
19 3200 1
19 3202 1
19 3224 1
19 3242 3
19 3291 1
19 3296 7
19 3316 1
19 3323 1
19 3332 3
19 3340 1
19 3351 6
19 3354 2
19 3364 1
19 3365 1
19 3375 2
19 3417 1
19 3441 1
19 3471 1
19 3476 2
19 3478 1
19 3482 4
19 3499 2
19 3537 2
19 3549 1
19 3551 2
19 3555 1
19 3559 1
19 3572 1
19 3591 1
19 3611 1
19 3677 2
19 3695 4
19 3706 1
19 3720 1
19 3723 1
19 3804 1
19 3839 1
19 3842 1
19 3848 1
19 3851 4
19 3865 1
19 3889 1
19 3900 2
19 3913 1
19 3929 1
19 3933 1
19 3953 1
19 3955 1
19 3957 1
19 3959 1
19 3967 1
19 3975 2
19 3997 1
19 4017 1
19 4047 1
19 4054 1
19 4080 1
19 4095 1
19 4103 1
19 4132 1
19 4141 1
19 4165 1
19 4166 4
19 4167 2
19 4169 1
19 4173 1
19 4175 1
19 4176 1
19 4178 1
19 4186 1
19 4193 2
19 4205 2
19 4255 9
19 4256 1
19 4265 1
19 4336 4
19 4348 1
19 4364 4
19 4377 2
19 4408 1
19 4425 2
19 4426 1
19 4475 1
19 4510 2
19 4540 1
19 4544 4
19 4562 1
19 4575 1
19 4590 1
19 4596 2
19 4604 2
19 4612 1
19 4677 5
19 4694 1
19 4743 27
19 4754 1
19 4776 15
19 4783 2
19 4799 1
19 4801 2
19 4806 1
19 4811 1
19 4812 1
19 4815 2
19 4822 1
19 4828 1
19 4831 2
19 4853 1
19 4857 1
19 4862 1
19 4875 1
19 4876 1
19 4972 1
19 4984 4
20 67 1
20 174 2
20 227 1
20 229 1
20 252 1
20 285 2
20 293 1
20 315 1
20 478 1
20 508 1
20 578 1
20 615 1
20 623 1
20 640 5
20 804 1
20 829 1
20 898 1
20 941 1
20 953 1
20 978 1
20 979 1
20 991 1
20 1056 3
20 1082 2
20 1097 1
20 1121 1
20 1124 1
20 1172 1
20 1244 1
20 1291 1
20 1293 1
20 1298 1
20 1405 2
20 1444 1
20 1467 1
20 1492 2
20 1658 4
20 1677 1
20 1686 1
20 1710 3
20 1711 2
20 1742 1
20 1783 1
20 1849 1
20 1884 1
20 1934 3
20 1948 1
20 1993 1
20 2007 1
20 2018 3
20 2160 3
20 2165 1
20 2188 1
20 2218 1
20 2276 1
20 2431 1
20 2443 1
20 2512 1
20 2542 2
20 2545 5
20 2602 1
20 2624 1
20 2702 6
20 2720 1
20 2736 1
20 2788 5
20 2849 1
20 2877 1
20 2884 4
20 2941 5
20 3010 1
20 3050 3
20 3179 1
20 3284 1
20 3338 1
20 3352 5
20 3353 2
20 3367 1
20 3391 1
20 3416 1
20 3457 1
20 3466 3
20 3481 1
20 3492 3
20 3494 1
20 3498 1
20 3504 2
20 3505 5
20 3525 1
20 3573 2
20 3593 1
20 3695 8
20 3720 1
20 3723 2
20 3777 2
20 3778 1
20 3806 2
20 3813 3
20 3855 1
20 3886 3
20 3931 3
20 3936 2
20 3955 1
20 3993 1
20 4060 1
20 4072 1
20 4078 1
20 4079 1
20 4181 1
20 4238 1
20 4270 2
20 4271 1
20 4364 3
20 4408 1
20 4438 2
20 4562 1
20 4567 1
20 4570 1
20 4757 1
20 4780 1
20 4801 1
20 4849 1
20 4853 4
20 4857 1
20 4893 1
20 4924 1
